0	Index      	Bounty	 *	Score 	Summary	Detail	
1	32631 36432	10	 * 	265.47	橙3易伤3时间1伤害1等级	17策反2等级367时间47a易伤5双倍矿7序列升级8伤害9核
2	43284 46311	10	 * 	261.14	橙4易伤3伤害	18a敌人爆炸2加一3金币生成4平台589a易伤68a伤害7核8a序列升级
3	13383 21852	6	 * 	258.86	橙3易伤2伤害2暴击1时间	19低血量敌人2加一39伤害4a暴击5时间679易伤8核9序列升级
4	14623 62112	7	 * 	258.54	橙4易伤2时间2等级	19低血量敌人25等级3立即金币4569易伤59序列升级79时间8赏金塔a核
5	32631 36362	10	   	256.41	橙3易伤3时间1等级1攻速	17策反2等级367时间47a易伤5双倍矿7序列升级8核9攻速
6	13235 11852	3	 * 	255.86	橙3易伤2时间1伤害2暴击	19低血量敌人2加一379易伤4a暴击5伤害69时间8核9序列升级
7	13423 72228	10	 * 	254.62	橙4易伤3攻速1等级	17低血量敌人2加一3等级467a易伤578攻速7序列升级9核
8	43343 28314	3	 * 	254.33	橙5易伤1等级1攻速	15敌人爆炸2加一3457a易伤5序列升级6攻速8等级9核
9	43743 28314	2	   	254.33	橙5易伤1等级1攻速	15敌人爆炸2加一3457a易伤5序列升级6攻速8等级9核
10	13234 11847	3	   	254.04	橙3易伤2时间1等级1暴击	18低血量敌人2加一378易伤4暴击5等级68时间8序列升级9雷电a核
11	13734 11847	2	   	254.04	橙3易伤2时间1等级1暴击	18低血量敌人2加一378易伤4暴击5等级68时间8序列升级9雷电a核
12	32613 15352	3	   	253.79	橙4易伤1等级1时间1暴击	156策反2等级3时间456a易伤56序列升级7加一8暴击9核
13	32633 15352	4	   	253.79	橙4易伤1等级1时间1暴击	156策反2等级3时间456a易伤56序列升级7加一8暴击9核
14	13232 35881	10	   	253.75	橙3易伤2伤害1等级2雷电	1a低血量敌人2加一39a易伤46雷电5等级7a伤害8核a序列升级
15	13313 46881	10	   	253.26	橙3易伤3伤害2雷电	1a低血量敌人2加一35a伤害45雷电5a序列升级6矿等79a易伤8核
16	13383 21853	6	   	252.55	橙3易伤2伤害1时间1暴击	19a低血量敌人2加一39伤害4暴击5时间679易伤8核9序列升级
17	13383 21854	6	   	252.55	橙3易伤2伤害1时间1暴击	19低血量敌人2加一39伤害4暴击5时间679易伤8核9序列升级a策反
18	13383 21851	6	   	252.45	橙3易伤2伤害1时间1暴击	19低血量敌人2加一39伤害4暴击5时间679易伤8核9序列升级a掉矿
19	15233 51122	5	   	251.22	橙3易伤3时间1暴击	19a低血量敌人2最后敌人39a易伤4雷电5暴击6核7赏金邻近89a时间9a序列升级
20	32613 12164	3	   	251.21	橙3易伤1伤害1等级1时间1暴击	156策反2等级3时间456易伤56序列升级7伤害8赏金邻近9暴击a核
21	32633 12164	4	   	251.21	橙3易伤1伤害1等级1时间1暴击	156策反2等级3时间456易伤56序列升级7伤害8赏金邻近9暴击a核
22	12233 51122	5	   	251.12	橙3易伤3时间1暴击	19a低血量敌人2挖尘39a易伤4雷电5暴击6核7赏金邻近89a时间9a序列升级
23	43343 28311	3	   	251.04	橙4易伤1等级1时间1攻速	15敌人爆炸2加一3457易伤5序列升级6攻速8等级9核a时间
24	43743 28311	2	   	251.04	橙4易伤1等级1时间1攻速	15敌人爆炸2加一3457易伤5序列升级6攻速8等级9核a时间
25	43373 44281	3	   	250.94	橙3易伤1伤害2暴击1等级1全技能	1a敌人爆炸2加一37a易伤4等级5全技能6伤害8核9a暴击a序列升级
26	13417 42138	7	 * 	250.91	橙2易伤2时间2等级1伤害1暴击	1低血量敌人2加一3a等级4雷电5暴击6核7a时间8伤害9a易伤a序列升级
27	13417 42138	5	   	250.91	橙2易伤2时间2等级1伤害1暴击	1低血量敌人2加一3a等级4雷电5暴击6核7a时间8伤害9a易伤a序列升级
28	13417 42138	6	   	250.91	橙2易伤2时间2等级1伤害1暴击	1低血量敌人2加一3a等级4雷电5暴击6核7a时间8伤害9a易伤a序列升级
29	13454 42138	6	   	250.91	橙2易伤2时间2等级1伤害1暴击	1低血量敌人2加一3a等级4暴击5雷电6核7a时间8伤害9a易伤a序列升级
30	13454 42138	5	   	250.91	橙2易伤2时间2等级1伤害1暴击	1低血量敌人2加一3a等级4暴击5雷电6核7a时间8伤害9a易伤a序列升级
31	13454 42138	7	   	250.91	橙2易伤2时间2等级1伤害1暴击	1低血量敌人2加一3a等级4暴击5雷电6核7a时间8伤害9a易伤a序列升级
32	13323 53168	8	   	249.70	橙3易伤2伤害1等级1攻速	1低血量敌人2加一38伤害49a易伤5攻速6等级7核
33	13323 53638	7	   	249.70	橙3易伤2伤害1等级1攻速	1低血量敌人2加一39伤害48a易伤5攻速6等级7核
34	32631 36432	9	   	249.57	橙2易伤3时间1伤害1等级1攻速	17策反2等级367时间47易伤5双倍矿7序列升级8伤害9核a攻速
35	13152 84412	5	   	249.55	橙3易伤2时间1伤害1暴击	18低血量敌人2加一3额外掉落4暴击58时间6核78a易伤8序列升级9伤害
36	13152 84444	5	   	249.55	橙3易伤2时间1伤害1暴击	18低血量敌人2加一3额外掉落4暴击58时间6核789易伤8序列升级a伤害
37	13154 84412	4	   	249.55	橙3易伤2时间1伤害1暴击	18低血量敌人2加一3额外掉落4暴击58时间6核78a易伤8序列升级9伤害
38	13154 84444	4	   	249.55	橙3易伤2时间1伤害1暴击	18低血量敌人2加一3额外掉落4暴击58时间6核789易伤8序列升级a伤害
39	13235 11853	3	   	249.55	橙3易伤2时间1伤害1暴击	19a低血量敌人2加一379易伤4暴击5伤害69时间8核9序列升级
40	13235 11854	3	   	249.55	橙3易伤2时间1伤害1暴击	19低血量敌人2加一379易伤4暴击5伤害69时间8核9序列升级a策反
41	13235 11851	3	   	249.45	橙3易伤2时间1伤害1暴击	19低血量敌人2加一379易伤4暴击5伤害69时间8核9序列升级a掉矿
42	13325 24752	8	   	249.30	橙3易伤2时间1伤害1暴击1卖塔	19低血量敌人2加一3伤害469易伤5卖塔79时间8核9序列升级a暴击
43	13325 24852	7	   	249.30	橙3易伤2时间1伤害1暴击1卖塔	19低血量敌人2加一3伤害469易伤5卖塔79时间8核9序列升级a暴击
44	13325 11852	5	   	249.30	橙3易伤2时间1伤害1暴击1卖塔	19低血量敌人2加一3伤害479易伤5卖塔69时间8核9序列升级a暴击
45	31631 36432	10	   	249.12	橙3易伤3时间1伤害	17策反2掉矿367时间47a易伤5双倍矿7序列升级8伤害9核
46	32631 36161	7	 * 	249.12	橙3易伤3时间2等级	17策反29等级367时间47a易伤5双倍矿7序列升级8核
47	32631 36311	9	   	249.12	橙3易伤3时间2等级	17策反29等级367时间47a易伤5双倍矿7序列升级8核
48	32631 36361	8	   	249.12	橙3易伤3时间2等级	17策反29等级367时间47a易伤5双倍矿7序列升级8核
49	14523 32446	8	 * 	249.02	橙3易伤3时间3等级	1a低血量敌人235等级45a易伤5a序列升级6加一79a时间8核
50	32652 12161	3	   	249.02	橙3易伤3时间2等级	16策反29等级347时间56a易伤6序列升级8核
51	32613 15427	3	   	248.56	橙3易伤1伤害1等级1时间1攻速	156策反2等级3时间456易伤56序列升级7加一8攻速9核a伤害
52	32633 15427	4	   	248.56	橙3易伤1伤害1等级1时间1攻速	156策反2等级3时间456易伤56序列升级7加一8攻速9核a伤害
53	14423 61122	10	   	248.46	橙3易伤1伤害1等级1时间1攻速	1低血量敌人2等级3时间46a易伤5攻速7随机矿8伤害9核
54	13423 38862	5	   	248.36	橙3易伤1伤害1等级1时间1攻速	1低血量敌人2加一3等级469易伤5攻速7时间8核a伤害
55	13323 53661	8	   	248.36	橙3易伤1伤害1等级1时间1攻速	1低血量敌人2加一3伤害49a易伤5攻速6等级7核8时间
56	13323 53861	7	   	248.36	橙3易伤1伤害1等级1时间1攻速	1低血量敌人2加一3伤害49a易伤5攻速6等级7核8时间
57	13423 18862	5	   	248.36	橙3易伤1伤害1等级1时间1攻速	1低血量敌人2加一3等级479易伤5攻速6时间8核a伤害
58	13423 87373	4	   	248.25	橙4易伤1时间1等级	1低血量敌人2加一3等级469a易伤5时间7雷电8核
59	13323 43444	4	   	248.17	橙4易伤1伤害1攻速1全技能	1低血量敌人2加一3伤害489a易伤5全技能6攻速7核
60	13323 63444	6	   	248.17	橙4易伤1伤害1攻速1全技能	1低血量敌人2加一3伤害489a易伤5攻速6全技能7核
61	13234 67123	4	   	247.01	橙3易伤2伤害1时间	1低血量敌人2加一38a易伤4雷电5时间6核79伤害
62	13322 37735	4	   	247.01	橙3易伤2伤害1等级	1低血量敌人2加一36伤害469易伤5赏金塔6序列升级7雷电8等级a核
63	13243 27312	3	   	246.91	橙4易伤1伤害1攻速	15低血量敌人2加一3459易伤5序列升级6攻速7雷电8核a伤害
64	13743 27312	2	   	246.91	橙4易伤1伤害1攻速	15低血量敌人2加一3459易伤5序列升级6攻速7雷电8核a伤害
65	43343 27312	3	   	246.91	橙4易伤1伤害1攻速	15敌人爆炸2加一3459易伤5序列升级6攻速7雷电8核a伤害
66	43743 27312	2	   	246.91	橙4易伤1伤害1攻速	15敌人爆炸2加一3459易伤5序列升级6攻速7雷电8核a伤害
67	32631 36433	10	   	246.87	橙2易伤3时间1伤害1等级	17策反2等级367时间47易伤5双倍矿7序列升级8伤害9核a雷电
68	13211 61854	1	 * 	246.77	橙3易伤3攻速2时间	189低血量敌人26时间389攻速4平台5加一789易伤89序列升级a核
69	13383 21752	8	 * 	246.54	橙2易伤2伤害2时间2暴击	19低血量敌人2加一39伤害4a暴击57时间69易伤8核9序列升级
70	13383 21852	7	   	246.54	橙2易伤2伤害2时间2暴击	19低血量敌人2加一39伤害4a暴击57时间69易伤8核9序列升级
71	31433 24321	10	   	246.51	橙3易伤3伤害	1策反289掉矿3金币生成4挖尘589易伤6雷电789伤害89序列升级a核
72	31433 24326	9	   	246.51	橙3易伤3伤害	1策反289掉矿3金币生成4挖尘589易伤6雷电789伤害89序列升级a核
73	43332 18281	3	   	245.96	橙3易伤2伤害1暴击1全技能	1a敌人爆炸2加一35a易伤4暴击6金币生成7a伤害8全技能9核a序列升级
74	62323 52112	7	   	245.87	橙3易伤1伤害1等级1时间	15矿等2等级3策反459易伤5序列升级6雷电7核8时间a伤害
75	13243 42737	3	   	245.75	橙4易伤1等级1暴击	15低血量敌人2加一3458易伤5序列升级6暴击7雷电9等级a核
76	13743 42737	2	   	245.75	橙4易伤1等级1暴击	15低血量敌人2加一3458易伤5序列升级6暴击7雷电9等级a核
77	13423 87328	4	   	245.67	橙3易伤1伤害1时间1等级	1低血量敌人2加一3等级46a易伤5时间7雷电8核9伤害
78	13233 82737	6	   	245.65	橙4易伤1等级1暴击	1低血量敌人2加一3678易伤4雷电5暴击9等级a核
79	42332 32531	3	   	245.65	橙4易伤1时间1暴击	1敌人爆炸2挖尘359a易伤4暴击6核7雷电8时间
80	42632 32531	2	   	245.65	橙4易伤1时间1暴击	1敌人爆炸2挖尘359a易伤4暴击6核7雷电8时间
81	32631 36321	10	   	245.41	橙3易伤3时间1等级	179策反2等级367时间47a易伤5双倍矿7序列升级8核
82	32631 36633	10	   	245.41	橙3易伤3时间1等级	17策反2等级367时间479易伤5双倍矿7序列升级8立即金币a核
83	36412 36312	10	   	245.41	橙3易伤3时间1等级	17策反23金币生成467时间57a易伤7序列升级8核9等级
84	36123 15412	3	   	245.35	橙5易伤1全技能	17策反247金币生成34579易伤47序列升级6全技能8雷电a核
85	31631 36312	10	   	245.31	橙3易伤3时间1等级	17策反2掉矿367时间47a易伤5双倍矿7序列升级8核9等级
86	43284 46314	10	   	245.29	橙4易伤2伤害	18敌人爆炸2加一3金币生成4平台589a易伤68伤害7核8序列升级
87	36113 15412	3	   	245.25	橙5易伤1全技能	17策反27金币生成34579易伤6全技能7序列升级8雷电a核
88	13423 81648	4	   	245.21	橙3易伤3时间1等级	1a低血量敌人2加一3等级46a易伤59a时间7赏金邻近8核a序列升级
89	31156 36312	10	   	245.21	橙3易伤3时间1等级	17策反24掉矿37a易伤567时间7序列升级8核9等级
90	31636 36312	10	   	245.21	橙3易伤3时间1等级	17策反25掉矿367时间47a易伤7序列升级8核9等级
91	31652 36312	10	   	245.21	橙3易伤3时间1等级	17策反24掉矿367时间57a易伤7序列升级8核9等级
92	36333 62353	8	 * 	245.20	紫4易伤3伤害1时间	178策反2金币生成3核478a易伤5平台678伤害78序列升级9时间
93	13423 72148	9	   	245.10	橙4易伤2攻速1等级	17低血量敌人2加一3等级467a易伤57攻速7序列升级8策反9核
94	31333 62353	8	   	245.10	紫4易伤3伤害1时间	178策反2掉矿3核478a易伤5平台678伤害78序列升级9时间
95	31113 15412	3	   	245.05	橙5易伤1全技能	17策反27掉矿34579易伤6全技能7序列升级8雷电a核
96	13423 72322	10	   	245.00	橙4易伤2攻速1等级	17低血量敌人2加一3等级467a易伤57攻速7序列升级8挖青9核
97	13423 72622	10	   	245.00	橙4易伤2攻速1等级	17低血量敌人2加一3等级467a易伤57攻速7序列升级8挖尘9核
98	13423 72627	9	   	245.00	橙4易伤2攻速1等级	17低血量敌人2加一3等级467a易伤57攻速7序列升级8挖尘9核
99	32313 12514	3	 * 	244.57	紫5易伤3等级1伤害1全技能	1策反256等级3核4568a易伤56序列升级7伤害9全技能
100	32333 12514	4	   	244.57	紫5易伤3等级1伤害1全技能	1策反256等级3核4568a易伤56序列升级7伤害9全技能
101	62612 11262	4	   	244.05	橙4易伤2等级1时间	146矿等29等级3时间5689易伤69序列升级79金币生成a核
102	62612 11262	5	   	244.05	橙4易伤2等级1时间	146矿等29等级3时间5689易伤69序列升级79金币生成a核
103	31613 16252	3	   	243.85	橙4易伤1伤害1时间	156策反27掉矿3时间4569易伤56序列升级8核a伤害
104	31633 16252	4	   	243.85	橙4易伤1伤害1时间	156策反27掉矿3时间4569易伤56序列升级8核a伤害
105	65623 21212	1	   	243.85	橙4易伤1伤害1时间	1矿等24金币生成3456易伤4序列升级7伤害8赏金邻近9时间a核
106	13223 38862	4	   	243.75	橙4易伤1伤害1时间	1低血量敌人2加一3679易伤4基地爆炸5时间8核a伤害
107	13241 18862	3	   	243.75	橙4易伤1伤害1时间	1低血量敌人2加一3479易伤5基地爆炸6时间8核a伤害
108	13241 38862	3	   	243.75	橙4易伤1伤害1时间	1低血量敌人2加一3469易伤5基地爆炸7时间8核a伤害
109	14623 62212	6	   	243.75	橙4易伤2等级1时间	1低血量敌人25等级3立即金币4567易伤5序列升级8赏金邻近9时间a核
110	65613 21212	1	   	243.75	橙4易伤1伤害1时间	1矿等2金币生成3456易伤7伤害8赏金邻近9时间a核
111	35623 25311	1	   	243.71	橙4易伤1伤害1等级1卖塔	1策反24金币生成3456易伤4序列升级7卖塔8核9伤害a等级
112	36123 25311	3	   	243.71	橙4易伤1伤害1等级1卖塔	1策反24金币生成3456易伤4序列升级7卖塔8核9伤害a等级
113	36623 25311	2	   	243.71	橙4易伤1伤害1等级1卖塔	1策反24金币生成3456易伤4序列升级7卖塔8核9伤害a等级
114	61112 52152	5	   	243.65	橙4易伤1伤害1等级	1矿等246掉矿3479易伤4序列升级5等级8核a伤害
115	61113 21212	4	   	243.65	橙4易伤1伤害1时间	1矿等24掉矿3456易伤4序列升级7伤害8赏金邻近9时间a核
116	61113 21212	3	   	243.65	橙4易伤1伤害1时间	1矿等2掉矿3456易伤7伤害8赏金邻近9时间a核
117	61113 21512	4	   	243.65	橙4易伤1伤害1时间	1矿等24掉矿3456易伤4序列升级7伤害8赏金塔9时间a核
118	61113 21512	3	   	243.65	橙4易伤1伤害1时间	1矿等2掉矿3456易伤7伤害8赏金塔9时间a核
119	61114 21212	5	   	243.65	橙4易伤1伤害1时间	1矿等24掉矿3456易伤4序列升级7伤害8赏金邻近9时间a核
120	61114 21512	5	   	243.65	橙4易伤1伤害1时间	1矿等24掉矿3456易伤4序列升级7伤害8赏金塔9时间a核
121	61114 41212	6	   	243.65	橙4易伤1伤害1时间	1矿等24掉矿3456易伤4序列升级7伤害8赏金邻近9时间a核
122	61123 21212	3	   	243.65	橙4易伤1伤害1时间	1矿等24掉矿3456易伤4序列升级7伤害8赏金邻近9时间a核
123	61123 21512	3	   	243.65	橙4易伤1伤害1时间	1矿等24掉矿3456易伤4序列升级7伤害8赏金塔9时间a核
124	35613 25311	1	   	243.61	橙4易伤1伤害1等级1卖塔	1策反2金币生成3456易伤7卖塔8核9伤害a等级
125	36113 25311	3	   	243.61	橙4易伤1伤害1等级1卖塔	1策反2金币生成3456易伤7卖塔8核9伤害a等级
126	36613 25311	2	   	243.61	橙4易伤1伤害1等级1卖塔	1策反2金币生成3456易伤7卖塔8核9伤害a等级
127	31613 13255	3	   	243.43	橙5易伤1时间	156策反2掉矿3时间45689易伤56序列升级7低血量敌人a核
128	31633 13255	4	   	243.43	橙5易伤1时间	156策反2掉矿3时间45689易伤56序列升级7低血量敌人a核
129	61114 36331	8	   	243.43	橙5易伤1等级	17矿等24掉矿3457a易伤47序列升级67最后敌人8等级9核
130	32313 12551	3	   	243.22	紫5易伤3等级1伤害	1策反256等级3核45689易伤56序列升级7伤害a雷电
131	32333 12551	4	   	243.22	紫5易伤3等级1伤害	1策反256等级3核45689易伤56序列升级7伤害a雷电
132	13236 11847	3	   	243.17	橙3易伤2等级1时间1暴击	18低血量敌人2加一378易伤4暴击5时间68等级8序列升级9雷电a核
133	14246 32131	7	   	243.17	橙3易伤1伤害1等级1暴击	1低血量敌人2等级3基地爆炸4暴击59a易伤6核7雷电8伤害
134	13323 43414	4	   	243.11	橙3易伤2伤害1攻速1全技能	1低血量敌人2加一39伤害48a易伤5全技能6攻速7核
135	13323 63414	6	   	243.11	橙3易伤2伤害1攻速1全技能	1低血量敌人2加一39伤害48a易伤5攻速6全技能7核
136	13323 44574	4	   	243.11	橙3易伤2伤害1攻速1全技能	1低血量敌人2加一38伤害47a易伤5全技能6攻速9核
137	13323 64574	6	   	243.11	橙3易伤2伤害1攻速1全技能	1低血量敌人2加一38伤害47a易伤5攻速6全技能9核
138	13243 27333	3	   	243.10	橙4易伤1时间1攻速	15低血量敌人2加一345a易伤5序列升级6攻速7雷电8核9时间
139	13743 27333	2	   	243.10	橙4易伤1时间1攻速	15低血量敌人2加一345a易伤5序列升级6攻速7雷电8核9时间
140	43343 27316	3	   	243.10	橙4易伤1时间1攻速	15敌人爆炸2加一3459易伤5序列升级6攻速7雷电8核a时间
141	43343 27333	3	   	243.10	橙4易伤1时间1攻速	15敌人爆炸2加一345a易伤5序列升级6攻速7雷电8核9时间
142	43743 27333	2	   	243.10	橙4易伤1时间1攻速	15敌人爆炸2加一345a易伤5序列升级6攻速7雷电8核9时间
143	32613 15428	3	   	243.08	橙3易伤2时间1等级1攻速	156策反2等级3a时间456易伤56序列升级7加一8攻速9核
144	32633 15428	4	   	243.08	橙3易伤2时间1等级1攻速	156策反2等级3a时间456易伤56序列升级7加一8攻速9核
145	13234 12137	9	   	243.07	橙3易伤1伤害1时间1暴击	1低血量敌人2加一389易伤4雷电5伤害6暴击7时间a核
146	13234 12137	8	   	243.07	橙3易伤1伤害1时间1暴击	1低血量敌人2加一389易伤4雷电5伤害6暴击7时间a核
147	13235 11437	3	   	243.07	橙3易伤1伤害1时间1暴击	1低血量敌人2加一379易伤4暴击5伤害6时间8雷电a核
148	13383 21437	6	   	243.07	橙3易伤1伤害1时间1暴击	1低血量敌人2加一3伤害4暴击5时间679易伤8雷电a核
149	13388 11437	4	   	243.07	橙3易伤1伤害1时间1暴击	1低血量敌人2加一3伤害4暴击579易伤6时间8雷电a核
150	13735 11437	2	   	243.07	橙3易伤1伤害1时间1暴击	1低血量敌人2加一379易伤4暴击5伤害6时间8雷电a核
151	43335 11437	3	   	243.07	橙3易伤1伤害1时间1暴击	1敌人爆炸2加一379易伤4暴击5伤害6时间8雷电a核
152	43354 12137	9	   	243.07	橙3易伤1伤害1时间1暴击	1敌人爆炸2加一389易伤4雷电5伤害6暴击7时间a核
153	43354 12137	8	   	243.07	橙3易伤1伤害1时间1暴击	1敌人爆炸2加一389易伤4雷电5伤害6暴击7时间a核
154	32652 11316	3	   	242.98	橙3易伤2时间1等级1攻速	16策反2等级34时间56a易伤6序列升级7赏金邻近8核9攻速
155	15364 22131	4	   	242.82	橙2易伤2伤害2时间1等级	1低血量敌人24最后敌人34伤害4序列升级57易伤68时间9核a等级
156	15366 32131	6	   	242.82	橙2易伤2伤害2时间1等级	1低血量敌人24最后敌人34伤害4序列升级58时间67易伤9核a等级
157	13221 11856	7	   	242.81	橙3易伤3时间1暴击1核弹	189低血量敌人2加一389易伤4基地爆炸5暴击6核弹789时间89序列升级a核
158	14662 11212	3	 * 	242.71	橙3易伤2伤害2等级	19低血量敌人26等级3立即金币4随机矿569易伤69序列升级7赏金邻近89伤害a核
159	12364 22131	4	   	242.62	橙2易伤2伤害2时间1等级	1低血量敌人24挖尘34伤害4序列升级57易伤68时间9核a等级
160	13382 14737	10	   	242.61	橙3易伤2伤害2暴击	1a低血量敌人2加一3a伤害45暴击6敌人爆炸79a易伤8核a序列升级
161	13382 44737	10	   	242.61	橙3易伤2伤害2暴击	1a低血量敌人2加一3a伤害45暴击6基地爆炸79a易伤8核a序列升级
162	14323 62231	9	 * 	242.49	紫4易伤3攻速1伤害1等级	17低血量敌人2等级3核467a易伤578攻速7序列升级9伤害
163	44323 62231	9	   	242.49	紫4易伤3攻速1伤害1等级	17敌人爆炸2等级3核467a易伤578攻速7序列升级9伤害
164	13423 72322	9	 * 	242.42	橙3易伤2攻速1伤害1等级	17低血量敌人2加一3等级467易伤57攻速7序列升级8挖青9核a伤害
165	13423 72622	9	   	242.42	橙3易伤2攻速1伤害1等级	17低血量敌人2加一3等级467易伤57攻速7序列升级8挖尘9核a伤害
166	13323 53368	8	   	242.32	橙3易伤2攻速1伤害1等级	1低血量敌人2加一3伤害49a易伤58攻速6等级7核
167	13325 12871	4	 * 	242.23	橙2易伤3伤害2时间	19低血量敌人2加一379伤害4a易伤5矿等69时间8核9序列升级
168	13322 38872	5	   	242.13	橙2易伤3伤害2时间	19低血量敌人2加一39a伤害46易伤5掉矿79时间8核9序列升级
169	13322 12871	5	   	242.13	橙2易伤3伤害2时间	19低血量敌人2加一379伤害4a易伤5掉矿69时间8核9序列升级
170	13428 42761	10	   	241.89	橙2易伤2伤害1等级1时间1暴击	1a低血量敌人2加一3等级4a易伤5时间6双倍矿7暴击8核9a伤害a序列升级
171	13323 18741	5	   	241.78	橙3易伤1伤害1时间1攻速1全技能	1低血量敌人2加一3伤害479易伤5攻速6时间8全技能a核
172	13323 38741	5	   	241.78	橙3易伤1伤害1时间1攻速1全技能	1低血量敌人2加一3伤害469易伤5攻速7时间8全技能a核
173	13323 43443	4	   	241.78	橙3易伤1伤害1时间1攻速1全技能	1低血量敌人2加一3伤害489易伤5全技能6攻速7核a时间
174	13323 43474	4	   	241.78	橙3易伤1伤害1时间1攻速1全技能	1低血量敌人2加一3伤害48a易伤5全技能6攻速7核9时间
175	13323 43485	4	   	241.78	橙3易伤1伤害1等级1攻速1全技能	1低血量敌人2加一3伤害48a易伤5全技能6攻速7核9等级
176	13323 63443	6	   	241.78	橙3易伤1伤害1时间1攻速1全技能	1低血量敌人2加一3伤害489易伤5攻速6全技能7核a时间
177	13323 63474	6	   	241.78	橙3易伤1伤害1时间1攻速1全技能	1低血量敌人2加一3伤害48a易伤5攻速6全技能7核9时间
178	13323 63485	6	   	241.78	橙3易伤1伤害1等级1攻速1全技能	1低血量敌人2加一3伤害48a易伤5攻速6全技能7核9等级
179	13423 72221	9	   	241.64	橙3易伤3攻速1等级1全技能	17低血量敌人2加一3等级467易伤578攻速7序列升级9核a全技能
180	13423 72225	10	   	241.64	橙3易伤3攻速1等级1全技能	17低血量敌人2加一3等级467易伤578攻速7序列升级9核a全技能
181	43373 41281	3	   	241.61	橙2易伤2伤害2暴击1等级1全技能	1a敌人爆炸2加一3a易伤4等级5全技能67伤害8核9a暴击a序列升级
182	14523 22212	5	 * 	241.07	橙3易伤3等级1伤害1时间	1低血量敌人235等级458易伤5序列升级6掉矿7伤害9时间a核
183	14523 52212	6	   	241.07	橙3易伤3等级1伤害1时间	1低血量敌人235等级458易伤5序列升级6掉矿7伤害9时间a核
184	43373 44212	3	 * 	241.02	橙2易伤3伤害2等级1全技能	1a敌人爆炸2加一37易伤4a等级5全技能69a伤害8核a序列升级
185	43773 44212	2	   	241.02	橙2易伤3伤害2等级1全技能	1a敌人爆炸2加一37易伤4a等级5全技能69a伤害8核a序列升级
186	13234 55324	9	   	240.42	橙3易伤2伤害1全技能	1低血量敌人2加一389易伤4雷电5a伤害6全技能7核
187	13383 21753	8	   	240.22	橙2易伤2伤害2时间1暴击	19a低血量敌人2加一39伤害4暴击57时间69易伤8核9序列升级
188	13383 21754	8	   	240.22	橙2易伤2伤害2时间1暴击	19低血量敌人2加一39伤害4暴击57时间69易伤8核9序列升级a策反
189	13383 21853	7	   	240.22	橙2易伤2伤害2时间1暴击	19a低血量敌人2加一39伤害4暴击57时间69易伤8核9序列升级
190	13383 21854	7	   	240.22	橙2易伤2伤害2时间1暴击	19低血量敌人2加一39伤害4暴击57时间69易伤8核9序列升级a策反
191	13423 87372	4	   	240.19	橙3易伤2时间1等级	1低血量敌人2加一3等级469易伤5a时间7雷电8核
192	62612 11252	5	   	240.14	橙4易伤1等级1时间	146矿等2等级3时间5689易伤6序列升级7金币生成a核
193	62612 11252	4	   	240.14	橙4易伤1等级1时间	146矿等2等级3时间5689易伤6序列升级7金币生成a核
194	13383 21751	8	   	240.12	橙2易伤2伤害2时间1暴击	19低血量敌人2加一39伤害4暴击57时间69易伤8核9序列升级a掉矿
195	13383 21851	7	   	240.12	橙2易伤2伤害2时间1暴击	19低血量敌人2加一39伤害4暴击57时间69易伤8核9序列升级a掉矿
196	31631 36362	10	   	240.06	橙3易伤3时间1攻速	17策反2掉矿367时间47a易伤5双倍矿7序列升级8核9攻速
197	62323 62212	6	   	240.04	橙4易伤1等级1时间	15矿等2等级3策反4567易伤5序列升级8赏金邻近9时间a核
198	62323 62512	6	   	240.04	橙4易伤1等级1时间	15矿等2等级3策反4567易伤5序列升级8赏金塔9时间a核
199	13383 27743	10	   	240.02	橙2易伤2伤害2时间1暴击	1低血量敌人2加一37伤害4暴击5a时间69易伤8核
200	13383 74743	10	   	240.02	橙2易伤2伤害2时间1暴击	1低血量敌人2加一36伤害4暴击5a时间79易伤8核
201	13423 38872	5	   	239.95	橙2易伤2时间2等级1伤害1攻速	19低血量敌人2加一39等级46易伤5攻速79时间8核9序列升级a伤害
202	13423 18872	5	   	239.95	橙2易伤2时间2等级1伤害1攻速	19低血量敌人2加一39等级47易伤5攻速69时间8核9序列升级a伤害
203	33423 45122	10	   	239.95	橙2易伤2时间2等级1伤害1攻速	17策反2挖尘37时间4a易伤5攻速67等级7序列升级8伤害9核
204	32313 12542	3	   	239.93	紫4易伤3等级1伤害1时间	1策反256等级3核4568易伤56序列升级7伤害9雷电a时间
205	32333 12542	4	   	239.93	紫4易伤3等级1伤害1时间	1策反256等级3核4568易伤56序列升级7伤害9雷电a时间
206	13246 18841	3	   	239.84	橙4易伤1时间1等级	1低血量敌人2加一347a易伤5挖尘6时间8核9等级
207	13246 38841	3	   	239.84	橙4易伤1时间1等级	1低血量敌人2加一346a易伤5挖尘7时间8核9等级
208	61112 62252	7	   	239.84	橙4易伤1等级1时间	1矿等24掉矿3469易伤4序列升级5等级7时间8赏金邻近a核
209	61114 22252	7	   	239.84	橙4易伤1等级1时间	1矿等24掉矿3459易伤4序列升级6等级7时间8赏金邻近a核
210	32631 36362	9	 * 	239.71	橙2易伤3时间2攻速1等级	17策反2等级367时间47易伤5双倍矿7序列升级8核9a攻速
211	14246 32132	10	   	239.35	橙3易伤1等级1时间1暴击	1低血量敌人2等级3基地爆炸4暴击589易伤6核7雷电a时间
212	13273 82347	3	   	239.25	橙3易伤1时间1等级1暴击	1低血量敌人2加一367易伤4等级5时间8暴击9雷电a核
213	13423 82347	4	   	239.25	橙3易伤1时间1等级1暴击	1低血量敌人2加一3等级467易伤5时间8暴击9雷电a核
214	13428 82347	5	   	239.25	橙3易伤1时间1等级1暴击	1低血量敌人2加一3等级467易伤5时间8暴击9雷电a核
215	13232 12137	8	   	239.25	橙3易伤1时间1等级1暴击	1低血量敌人2加一389易伤4雷电5等级6暴击7时间a核
216	13232 12137	9	   	239.25	橙3易伤1时间1等级1暴击	1低血量敌人2加一389易伤4雷电5等级6暴击7时间a核
217	13417 12137	9	   	239.25	橙3易伤1时间1等级1暴击	1低血量敌人2加一3等级4雷电5暴击689易伤7时间a核
218	13417 12137	8	   	239.25	橙3易伤1时间1等级1暴击	1低血量敌人2加一3等级4雷电5暴击689易伤7时间a核
219	13426 12137	9	   	239.25	橙3易伤1时间1等级1暴击	1低血量敌人2加一3等级489易伤5雷电6暴击7时间a核
220	13426 12137	8	   	239.25	橙3易伤1时间1等级1暴击	1低血量敌人2加一3等级489易伤5雷电6暴击7时间a核
221	13454 12137	9	   	239.25	橙3易伤1时间1等级1暴击	1低血量敌人2加一3等级4暴击5雷电689易伤7时间a核
222	13454 12137	8	   	239.25	橙3易伤1时间1等级1暴击	1低血量敌人2加一3等级4暴击5雷电689易伤7时间a核
223	43352 12137	9	   	239.25	橙3易伤1等级1时间1暴击	1敌人爆炸2加一389易伤4雷电5等级6暴击7时间a核
224	43352 12137	8	   	239.25	橙3易伤1等级1时间1暴击	1敌人爆炸2加一389易伤4雷电5等级6暴击7时间a核
225	14423 61122	9	   	239.14	橙2易伤2伤害1等级1时间1攻速	1低血量敌人2等级3时间46易伤5攻速7随机矿8a伤害9核
226	43354 82423	10	   	239.08	橙3易伤1伤害1等级1全技能	1敌人爆炸2加一38a易伤4雷电5伤害6等级7全技能9核
227	13234 55135	8	   	239.08	橙3易伤1伤害1等级1全技能	1低血量敌人2加一39a易伤4雷电5伤害6全技能7核8等级
228	12323 45123	10	   	239.04	橙2易伤2伤害1时间1等级1攻速	1低血量敌人2挖尘38伤害49易伤5攻速6等级7时间a核
229	13323 53111	9	   	239.04	橙2易伤2伤害1等级1时间1攻速	1低血量敌人2加一38伤害4a易伤5攻速6等级7核9时间
230	13323 53167	8	   	239.04	橙2易伤2伤害1等级1时间1攻速	1低血量敌人2加一38伤害49易伤5攻速6等级7核a时间
231	13323 53637	7	   	239.04	橙2易伤2伤害1等级1时间1攻速	1低血量敌人2加一39伤害48易伤5攻速6等级7核a时间
232	14423 63122	9	   	239.04	橙2易伤2伤害1时间1等级1攻速	1低血量敌人2等级3时间46易伤5攻速7掉矿8a伤害9核
233	13323 28181	4	   	239.02	橙2易伤2伤害2等级1暴击1全技能	1a低血量敌人2加一3a伤害47易伤5全技能6暴击8a等级9核a序列升级
234	43284 46314	9	   	238.90	橙3易伤2伤害1时间	18敌人爆炸2加一3金币生成4平台589易伤68伤害7核8序列升级a时间
235	43284 46332	9	   	238.90	橙3易伤2伤害1时间	18敌人爆炸2加一3金币生成4平台58a易伤68伤害7核8序列升级9时间
236	43284 46342	8	   	238.90	橙3易伤2伤害1时间	18敌人爆炸2加一3金币生成4平台58a易伤68伤害7核8序列升级9时间
237	13353 33716	10	   	238.90	橙3易伤2伤害1等级	18低血量敌人2加一38伤害4平台5敌人爆炸6等级789易伤8序列升级a核
238	13353 33762	8	   	238.90	橙3易伤2伤害1等级	18低血量敌人2加一38伤害4平台5敌人爆炸6等级78a易伤8序列升级9核
239	32423 23152	8	   	238.90	橙3易伤2伤害1等级	156策反2等级3金币生成459易伤5序列升级7核8a伤害
240	32423 23232	7	   	238.90	橙3易伤2伤害1等级	156策反2等级3金币生成458易伤5序列升级7核9a伤害
241	32423 24232	6	   	238.90	橙3易伤2伤害1等级	156策反2等级3金币生成457易伤5序列升级8核9a伤害
242	32123 23152	8	   	238.80	橙3易伤2伤害1等级	156策反2等级3掉矿459易伤5序列升级7核8a伤害
243	32123 23232	7	   	238.80	橙3易伤2伤害1等级	156策反2等级3掉矿458易伤5序列升级7核9a伤害
244	32123 24232	6	   	238.80	橙3易伤2伤害1等级	156策反2等级3掉矿457易伤5序列升级8核9a伤害
245	13423 72147	9	   	238.71	橙3易伤2攻速1等级1时间	17低血量敌人2加一3等级467易伤57攻速7序列升级8策反9核a时间
246	13423 72148	10	   	238.71	橙3易伤2攻速1等级1时间	17低血量敌人2加一3等级467易伤57攻速7序列升级8策反9核a时间
247	13322 36158	4	   	238.70	橙3易伤2伤害1时间	1低血量敌人2加一36伤害46a易伤5赏金塔6序列升级7平台8核9时间
248	13423 13172	8	   	238.65	橙2易伤3伤害1等级1攻速	19低血量敌人2加一3等级49易伤5攻速6策反7核89a伤害9序列升级
249	13322 38862	5	   	238.60	橙3易伤2伤害1时间	1低血量敌人2加一3a伤害469易伤5掉矿7时间8核
250	32631 36112	7	   	238.56	橙2易伤3时间1伤害1等级	17策反2等级367时间47易伤5双倍矿7序列升级8核9基地爆炸a伤害
251	32631 36132	7	   	238.56	橙2易伤3时间1伤害1等级	17策反2等级367时间47易伤5双倍矿7序列升级8核9敌人爆炸a伤害
252	32631 36312	8	   	238.56	橙2易伤3时间1伤害1等级	17策反2等级367时间47易伤5双倍矿7序列升级8核9基地爆炸a伤害
253	32631 36332	8	   	238.56	橙2易伤3时间1伤害1等级	17策反2等级367时间47易伤5双倍矿7序列升级8核9敌人爆炸a伤害
254	32631 36342	9	   	238.56	橙2易伤3时间1伤害1等级	17策反2等级367时间47易伤5双倍矿7序列升级8核9低血量敌人a伤害
255	32631 36431	9	   	238.56	橙2易伤3时间1伤害1等级	17策反2等级367时间47易伤5双倍矿7序列升级8伤害9核a金币生成
256	32631 36431	10	   	238.56	橙2易伤3时间1伤害1等级	17策反2等级367时间47易伤5双倍矿7序列升级8伤害9核a基地爆炸
257	32631 36433	9	   	238.56	橙2易伤3时间1伤害1等级	17策反2等级367时间47易伤5双倍矿7序列升级8伤害9核a最后敌人
258	13323 12268	6	   	238.51	橙4易伤1伤害1攻速	1低血量敌人2加一3伤害479a易伤5攻速6策反8核
259	13323 12768	6	   	238.51	橙4易伤1伤害1攻速	1低血量敌人2加一3伤害478a易伤5攻速6策反9核
260	13323 13668	7	   	238.51	橙4易伤1伤害1攻速	1低血量敌人2加一3伤害489a易伤5攻速6策反7核
261	13323 33268	5	   	238.51	橙4易伤1伤害1攻速	1低血量敌人2加一3伤害469a易伤5攻速7策反8核
262	13323 33768	5	   	238.51	橙4易伤1伤害1攻速	1低血量敌人2加一3伤害468a易伤5攻速7策反9核
263	13323 43268	7	   	238.51	橙4易伤1伤害1攻速	1低血量敌人2加一3伤害489a易伤5攻速6金币生成7核
264	13425 72248	9	   	238.51	橙4易伤2等级1攻速1核弹	17低血量敌人2加一37等级467a易伤5核弹7序列升级8攻速9核
265	13425 72318	8	   	238.51	橙4易伤2等级1攻速1核弹	17低血量敌人2加一37等级4678易伤5核弹7序列升级9核a攻速
266	43343 28315	3	   	238.51	橙4易伤2等级1攻速	15敌人爆炸2加一3457易伤5序列升级6攻速8a等级9核
267	13311 36258	3	   	238.50	橙3易伤3伤害	18a低血量敌人2加一38a伤害4策反5敌人爆炸68a易伤7平台8a序列升级9核
268	31613 16261	3	   	238.47	橙4易伤2时间	156策反279掉矿39时间4569易伤569序列升级8核a金币生成
269	31613 16262	3	   	238.47	橙4易伤2时间	156策反279掉矿39时间4569易伤569序列升级8核a随机矿
270	31613 16263	3	   	238.47	橙4易伤2时间	156策反279掉矿39时间4569易伤569序列升级8核a低血量敌人
271	31633 16261	4	   	238.47	橙4易伤2时间	156策反279掉矿39时间4569易伤569序列升级8核a金币生成
272	31633 16262	4	   	238.47	橙4易伤2时间	156策反279掉矿39时间4569易伤569序列升级8核a随机矿
273	31633 16263	4	   	238.47	橙4易伤2时间	156策反279掉矿39时间4569易伤569序列升级8核a低血量敌人
274	13138 37441	5	   	238.47	橙4易伤2时间	18低血量敌人2加一3额外掉落48时间5789易伤6平台8序列升级a核
275	31613 15372	3	   	238.47	橙4易伤2时间	156策反29掉矿39时间4569易伤569序列升级7加一8立即金币a核
276	31633 15372	4	   	238.47	橙4易伤2时间	156策反29掉矿39时间4569易伤569序列升级7加一8立即金币a核
277	43311 37441	5	   	238.47	橙4易伤2时间	18敌人爆炸2加一3789易伤4额外掉落58时间6平台8序列升级a核
278	32652 12112	3	   	238.46	橙2易伤3时间1伤害1等级	16策反2等级347时间56易伤6序列升级8核9基地爆炸a伤害
279	32652 12132	3	   	238.46	橙2易伤3时间1伤害1等级	16策反2等级347时间56易伤6序列升级8核9敌人爆炸a伤害
280	13248 48416	5	   	238.40	橙3易伤3伤害	19a低血量敌人2加一39a易伤4双倍矿5额外掉落689伤害7核9a序列升级
281	13321 28416	6	   	238.40	橙3易伤3伤害	19a低血量敌人2加一389伤害49a易伤5立即金币6额外掉落7核9a序列升级
282	11623 62412	7	   	238.37	橙4易伤2时间	139低血量敌人25掉矿4569易伤59序列升级79时间8赏金塔a核
283	16123 62412	7	   	238.37	橙4易伤2时间	19低血量敌人2双倍矿35掉矿4569易伤59序列升级79时间8赏金塔a核
284	43284 46312	10	   	238.30	橙3易伤3伤害	18敌人爆炸2加一3金币生成4平台589易伤68a伤害7核8序列升级
285	13223 38848	4	   	238.27	橙4易伤2时间	1低血量敌人2加一367a易伤4基地爆炸59时间8核
286	13241 18848	3	   	238.27	橙4易伤2时间	1低血量敌人2加一347a易伤5基地爆炸69时间8核
287	13241 38848	3	   	238.27	橙4易伤2时间	1低血量敌人2加一346a易伤5基地爆炸79时间8核
288	12335 32871	5	   	238.20	橙3易伤3伤害	19低血量敌人2挖尘379伤害4随机矿5加一69a易伤8核9序列升级
289	13382 34752	8	 * 	237.99	橙2易伤2伤害3暴击1时间	19低血量敌人2加一39伤害45a暴击6时间79易伤8核9序列升级
290	13382 34852	7	   	237.99	橙2易伤2伤害3暴击1时间	19低血量敌人2加一39伤害45a暴击6时间79易伤8核9序列升级
291	32631 36363	10	   	237.81	橙2易伤3时间1等级1攻速	17策反2等级367时间47易伤5双倍矿7序列升级8核9攻速a雷电
292	13152 84428	5	   	237.79	橙3易伤2时间1暴击	18低血量敌人2加一3额外掉落4暴击58时间6核78a易伤8序列升级9雷电
293	13152 84445	5	   	237.79	橙3易伤2时间1暴击	18低血量敌人2加一3额外掉落4暴击58时间6核789易伤8序列升级a雷电
294	13154 84428	4	   	237.79	橙3易伤2时间1暴击	18低血量敌人2加一3额外掉落4暴击58时间6核78a易伤8序列升级9雷电
295	13154 84445	4	   	237.79	橙3易伤2时间1暴击	18低血量敌人2加一3额外掉落4暴击58时间6核789易伤8序列升级a雷电
296	13238 11847	3	   	237.79	橙3易伤2时间1暴击	18低血量敌人2加一378易伤4暴击5矿等68时间8序列升级9雷电a核
297	43373 44218	3	   	237.70	橙2易伤2伤害1等级1时间1全技能	1敌人爆炸2加一37易伤4等级5全技能69伤害8核a时间
298	32333 62252	8	   	237.65	紫4易伤2伤害1等级	17策反2等级3核4789易伤5平台67伤害7序列升级a雷电
299	42332 32511	3	   	237.59	橙3易伤2时间1暴击	1敌人爆炸2挖尘35a易伤4暴击6核7雷电89时间
300	42632 32511	2	   	237.59	橙3易伤2时间1暴击	1敌人爆炸2挖尘35a易伤4暴击6核7雷电89时间
301	13323 13258	5	   	237.58	橙2易伤2伤害2时间1攻速	18低血量敌人2加一38伤害4a易伤5攻速68时间7平台8序列升级9核
302	32613 15228	3	   	237.56	橙3易伤1伤害1等级1时间	156策反2等级3时间456易伤56序列升级7加一8矿等9核a伤害
303	32633 15228	4	   	237.56	橙3易伤1伤害1等级1时间	156策反2等级3时间456易伤56序列升级7加一8矿等9核a伤害
304	35513 12153	3	   	237.56	橙3易伤1伤害1等级1时间	156策反2低血量敌人3等级456易伤56序列升级7伤害8赏金邻近9核a时间
305	35533 12153	4	   	237.56	橙3易伤1伤害1等级1时间	156策反2低血量敌人3等级456易伤56序列升级7伤害8赏金邻近9核a时间
306	62612 12522	5	   	237.56	橙3易伤1伤害1等级1时间	146矿等2等级3时间568易伤6序列升级7伤害9最后敌人a核
307	62612 12522	4	   	237.56	橙3易伤1伤害1等级1时间	146矿等2等级3时间568易伤6序列升级7伤害9最后敌人a核
308	32213 13352	3	   	237.54	橙4易伤1等级1暴击	156策反2等级3挖尘456a易伤56序列升级7低血量敌人8暴击9核
309	32233 13352	4	   	237.54	橙4易伤1等级1暴击	156策反2等级3挖尘456a易伤56序列升级7低血量敌人8暴击9核
310	33513 13352	3	   	237.54	橙4易伤1等级1暴击	156策反2挖尘3等级456a易伤56序列升级7低血量敌人8暴击9核
311	33533 13352	4	   	237.54	橙4易伤1等级1暴击	156策反2挖尘3等级456a易伤56序列升级7低血量敌人8暴击9核
312	32332 11246	2	   	237.46	橙3易伤1伤害1等级1时间	16策反2等级3双倍矿4时间56a易伤6序列升级7赏金邻近8伤害9核
313	32332 11346	2	   	237.46	橙3易伤1伤害1等级1时间	16策反2等级3双倍矿4时间56a易伤6序列升级7赏金邻近8核9伤害
314	32631 11246	5	   	237.46	橙3易伤1伤害1等级1时间	16策反2等级3时间46a易伤5双倍矿6序列升级7赏金邻近8伤害9核
315	32631 11346	5	   	237.46	橙3易伤1伤害1等级1时间	16策反2等级3时间46a易伤5双倍矿6序列升级7赏金邻近8核9伤害
316	32635 61122	10	   	237.46	橙3易伤1伤害1等级1时间	1策反2等级3时间46a易伤5最后敌人7随机矿8伤害9核
317	62326 34122	10	   	237.46	橙3易伤1伤害1等级1时间	1矿等2等级3策反46a易伤5时间7基地爆炸8伤害9核
318	15232 34151	3	   	237.44	橙4易伤1时间1暴击	1低血量敌人2最后敌人359a易伤4暴击6核7时间8平台
319	32213 15352	3	   	237.44	橙4易伤1等级1暴击	156策反2等级3挖尘456a易伤56序列升级7加一8暴击9核
320	32233 15352	4	   	237.44	橙4易伤1等级1暴击	156策反2等级3挖尘456a易伤56序列升级7加一8暴击9核
321	33513 15352	3	   	237.44	橙4易伤1等级1暴击	156策反2挖尘3等级456a易伤56序列升级7加一8暴击9核
322	33533 15352	4	   	237.44	橙4易伤1等级1暴击	156策反2挖尘3等级456a易伤56序列升级7加一8暴击9核
323	43343 42261	3	   	237.44	橙4易伤1等级1暴击	15敌人爆炸2加一3459易伤5序列升级6暴击7平台8核a等级
324	43743 42261	2	   	237.44	橙4易伤1等级1暴击	15敌人爆炸2加一3459易伤5序列升级6暴击7平台8核a等级
325	13325 18841	4	   	237.36	橙3易伤1伤害1等级1时间	1低血量敌人2加一3伤害47a易伤5矿等6时间8核9等级
326	13325 38841	4	   	237.36	橙3易伤1伤害1等级1时间	1低血量敌人2加一3伤害46a易伤5矿等7时间8核9等级
327	32632 61122	10	   	237.36	橙3易伤1伤害1等级1时间	1策反2等级3时间46a易伤5挖尘7随机矿8伤害9核
328	32632 61126	9	   	237.36	橙3易伤1伤害1等级1时间	1策反2等级3时间46a易伤5挖尘7随机矿8伤害9核
329	13273 24468	5	   	237.36	橙3易伤1伤害1等级1时间	1低血量敌人2加一35a易伤4平台6时间7伤害8等级9核
330	12232 34151	3	   	237.34	橙4易伤1时间1暴击	1低血量敌人2挖尘359a易伤4暴击6核7时间8平台
331	12632 34151	2	   	237.34	橙4易伤1时间1暴击	1低血量敌人2挖尘359a易伤4暴击6核7时间8平台
332	42332 34151	3	   	237.34	橙4易伤1时间1暴击	1敌人爆炸2挖尘359a易伤4暴击6核7时间8平台
333	13232 31881	10	   	237.32	橙3易伤2攻速1等级2雷电	1a低血量敌人2加一39a易伤46雷电5等级7a攻速8核a序列升级
334	13353 14638	4	   	237.31	橙2易伤3伤害1时间1全技能	17低血量敌人2加一378伤害4平台5全技能67易伤7序列升级9核a时间
335	13234 36312	7	   	237.31	橙3易伤2伤害2雷电	1低血量敌人2加一379易伤46雷电5a伤害8核
336	43354 36312	7	   	237.31	橙3易伤2伤害2雷电	1敌人爆炸2加一379易伤46雷电5a伤害8核
337	13322 62572	8	   	237.26	橙4易伤1伤害1全技能	17a低血量敌人2加一3伤害478a易伤57a掉矿6全技能7a序列升级9核
338	13322 62872	7	   	237.26	橙4易伤1伤害1全技能	17a低血量敌人2加一3伤害478a易伤57a掉矿6全技能7a序列升级9核
339	43622 72133	3	   	237.26	橙4易伤1伤害1全技能	137敌人爆炸2加一4全技能5678易伤7序列升级9伤害a核
340	43613 38133	3	   	237.26	橙4易伤1伤害1全技能	135敌人爆炸2加一4568易伤56序列升级7全技能9伤害a核
341	32216 22255	3	   	237.26	橙3易伤1伤害1等级1时间	1策反2等级3挖尘479易伤5伤害6时间8掉矿a核
342	32236 22255	4	   	237.26	橙3易伤1伤害1等级1时间	1策反2等级3挖尘479易伤5伤害6时间8掉矿a核
343	32632 63126	9	   	237.26	橙3易伤1伤害1等级1时间	1策反2等级3时间46a易伤5挖尘7掉矿8伤害9核
344	32632 64122	10	   	237.26	橙3易伤1伤害1等级1时间1核弹	1策反2等级3时间46a易伤5挖尘7核弹8伤害9核
345	13322 38841	5	   	237.26	橙3易伤1伤害1时间1等级	1低血量敌人2加一3伤害46a易伤5掉矿7时间8核9等级
346	13232 28847	3	   	237.26	橙2易伤2时间1伤害2暴击	17低血量敌人2加一35易伤47暴击67时间7序列升级8伤害9雷电a核
347	13322 64872	6	   	237.16	橙4易伤1伤害1全技能	1a低血量敌人2加一3伤害478a易伤5a掉矿6全技能9核a序列升级
348	13323 34874	4	   	237.16	橙4易伤1伤害1全技能	1低血量敌人2加一3伤害478a易伤5全技能6随机矿9核
349	13274 54127	7	   	237.16	橙4易伤1伤害1全技能	1低血量敌人2加一3789易伤4平台5全技能6核a伤害
350	13323 33444	4	   	237.16	橙4易伤1伤害1全技能	1低血量敌人2加一3伤害489a易伤5全技能6随机矿7核
351	13323 34244	4	   	237.16	橙4易伤1伤害1全技能	1低血量敌人2加一3伤害479a易伤5全技能6随机矿8核
352	16613 21162	3	   	237.14	橙3易伤2时间2攻速	19低血量敌人2双倍矿35时间459易伤59序列升级69攻速7立即金币8赏金塔a核
353	16633 21162	4	   	237.14	橙3易伤2时间2攻速	19低血量敌人2双倍矿35时间459易伤59序列升级69攻速7立即金币8赏金塔a核
354	43262 31262	1	   	237.04	橙3易伤2时间2攻速	19敌人爆炸27时间39攻速4赏金塔569易伤8双倍矿9序列升级a核
355	62323 52216	10	   	236.81	橙3易伤1等级1时间1攻速	15矿等2等级3策反45a易伤5序列升级6雷电7核8攻速9时间
356	32123 52112	7	   	236.71	橙3易伤1等级1时间1攻速	15策反2等级3掉矿459易伤5序列升级6雷电7核8时间a攻速
357	32123 52216	10	   	236.71	橙3易伤1等级1时间1攻速	15策反2等级3掉矿45a易伤5序列升级6雷电7核8攻速9时间
358	14323 62621	8	 * 	236.68	紫4易伤2攻速2等级1伤害	17低血量敌人28等级3核467a易伤57攻速7序列升级9伤害
359	13423 38863	5	   	236.61	橙3易伤1等级1时间1攻速	1低血量敌人2加一3等级469易伤5攻速7时间8核a雷电
360	13423 87374	4	   	236.61	橙3易伤1等级1时间1攻速	1低血量敌人2加一3等级469易伤5时间7雷电8核a攻速
361	13423 18863	5	   	236.61	橙3易伤1等级1时间1攻速	1低血量敌人2加一3等级479易伤5攻速6时间8核a雷电
362	31134 53125	6	   	236.55	橙2易伤2伤害1等级1时间	17策反2掉矿37易伤4等级5雷电67伤害7序列升级8基地爆炸9时间a核
363	12232 34514	9	   	236.55	橙2易伤2伤害1时间1等级	168低血量敌人2挖尘38易伤4雷电5等级78伤害8序列升级9时间a核
364	12232 34524	8	   	236.55	橙2易伤2伤害1时间1等级	168低血量敌人2挖尘38易伤4雷电5等级78伤害8序列升级9时间a核
365	13234 57123	10	   	236.51	橙2易伤2伤害1等级2雷电1全技能	17低血量敌人2加一3a易伤47雷电57伤害6全技能7序列升级8等级9核
366	13234 57125	9	   	236.51	橙2易伤2伤害1等级2雷电1全技能	17低血量敌人2加一3a易伤47雷电57伤害6全技能7序列升级8等级9核
367	13234 55332	9	   	236.48	橙3易伤1伤害1暴击1全技能	1低血量敌人2加一38a易伤4雷电5伤害6全技能7核9暴击
368	12232 24514	9	   	236.45	橙2易伤2伤害1时间1等级	18低血量敌人26挖尘38易伤4雷电5等级78伤害8序列升级9时间a核
369	12232 24524	8	   	236.45	橙2易伤2伤害1时间1等级	18低血量敌人26挖尘38易伤4雷电5等级78伤害8序列升级9时间a核
370	13423 87327	4	   	236.35	橙2易伤2伤害1时间1等级	1低血量敌人2加一3等级46易伤5时间7雷电8核9a伤害
371	13323 53466	8	   	236.24	橙2易伤2时间1伤害1等级1攻速	1a低血量敌人2加一3伤害4a易伤5攻速6等级7核8额外掉落9a时间a序列升级
372	36333 62351	8	   	236.21	紫3易伤3伤害1时间1暴击	178策反2金币生成3核478易伤5平台678伤害78序列升级9时间a暴击
373	43343 42222	3	   	236.20	橙3易伤2伤害1暴击	15敌人爆炸2加一345易伤5序列升级6暴击7平台8核9a伤害
374	43743 42222	2	   	236.20	橙3易伤2伤害1暴击	15敌人爆炸2加一345易伤5序列升级6暴击7平台8核9a伤害
375	14423 15122	10	   	236.14	橙2易伤2时间1伤害1等级1攻速	1低血量敌人2等级37时间4a易伤5攻速6策反8伤害9核
376	31333 62351	8	   	236.11	紫3易伤3伤害1时间1暴击	178策反2掉矿3核478易伤5平台678伤害78序列升级9时间a暴击
377	12323 45523	10	   	236.04	橙2易伤2时间1伤害1等级1攻速	1低血量敌人2挖尘3伤害49易伤5攻速6等级78时间a核
378	32313 12513	3	   	236.04	紫4易伤3等级1伤害1攻速1全技能	1策反256等级3核4568易伤56序列升级7伤害9全技能a攻速
379	32333 12513	4	   	236.04	紫4易伤3等级1伤害1攻速1全技能	1策反256等级3核4568易伤56序列升级7伤害9全技能a攻速
380	13234 36333	7	   	235.97	橙3易伤1伤害1时间2雷电	1低血量敌人2加一37a易伤46雷电5伤害8核9时间
381	13234 67163	4	   	235.97	橙3易伤1伤害1时间2雷电	1低血量敌人2加一38a易伤49雷电5时间6核7伤害
382	13413 18873	5	   	235.97	橙3易伤2等级1时间2雷电	1低血量敌人2加一35等级45雷电5序列升级6核7时间89a易伤
383	13413 88373	5	   	235.97	橙3易伤2等级1时间2雷电	1低血量敌人2加一35等级45雷电5序列升级69a易伤7时间8核
384	43354 36333	7	   	235.97	橙3易伤1伤害1时间2雷电	1敌人爆炸2加一37a易伤46雷电5伤害8核9时间
385	44333 33611	10	 * 	235.96	紫4易伤3时间1等级	18a敌人爆炸2等级3核4随机矿5平台68a时间789a易伤8a序列升级
386	13325 22752	8	   	235.96	橙3易伤2伤害1暴击1卖塔	19低血量敌人2加一39伤害469易伤5卖塔7挖青8核9序列升级a暴击
387	14623 11336	6	   	235.93	橙3易伤2等级1伤害1攻速	1低血量敌人25等级3立即金币45a易伤5序列升级6攻速7赏金邻近8核9伤害
388	13223 38872	4	   	235.90	橙3易伤2时间1伤害	19低血量敌人2加一367易伤49基地爆炸59时间8核9序列升级a伤害
389	13241 18872	3	   	235.90	橙3易伤2时间1伤害	19低血量敌人2加一347易伤59基地爆炸69时间8核9序列升级a伤害
390	13241 38872	3	   	235.90	橙3易伤2时间1伤害	19低血量敌人2加一346易伤59基地爆炸79时间8核9序列升级a伤害
391	13543 33872	2	   	235.90	橙3易伤2时间1伤害	179低血量敌人2加一3基地爆炸469易伤59时间8核9序列升级a伤害
392	13843 33872	3	   	235.90	橙3易伤2时间1伤害	179低血量敌人2加一3基地爆炸469易伤59时间8核9序列升级a伤害
393	14623 21112	5	   	235.90	橙3易伤2时间2等级	19低血量敌人25等级37立即金币459易伤59序列升级69时间8赏金塔a核
394	32333 46611	10	   	235.86	紫4易伤3时间1等级	18a策反2等级3核489a易伤5平台68a时间7挖青8a序列升级
395	14523 21512	5	   	235.80	橙3易伤2时间3等级	19低血量敌人235等级459易伤59序列升级6掉矿7金币生成89时间a核
396	14523 32472	8	   	235.80	橙3易伤2时间3等级	19低血量敌人235等级459易伤59序列升级6加一79时间8核a基地爆炸
397	14523 32474	8	   	235.80	橙3易伤2时间3等级	19低血量敌人235等级459易伤59序列升级6加一79时间8核a矿等
398	14524 21112	4	   	235.80	橙3易伤2时间2等级	19低血量敌人23等级459易伤69时间7立即金币8赏金塔9序列升级a核
399	43662 31212	1	   	235.80	橙3易伤2时间2等级	19敌人爆炸27时间369易伤49等级5赏金塔8双倍矿9序列升级a核
400	13322 37754	4	   	235.75	橙2易伤3伤害1等级	1低血量敌人2加一369伤害46易伤5赏金塔6序列升级7雷电8等级a核
401	13323 68374	8	   	235.73	橙3易伤2攻速1伤害1全技能	1低血量敌人2加一3伤害47a易伤58攻速6全技能9核
402	13323 68374	9	   	235.73	橙3易伤2攻速1伤害1全技能	1低血量敌人2加一3伤害47a易伤58攻速6全技能9核
403	13223 38842	4	   	235.70	橙3易伤2时间1伤害	1低血量敌人2加一367易伤4基地爆炸59时间8核a伤害
404	13241 18842	3	   	235.70	橙3易伤2时间1伤害	1低血量敌人2加一347易伤5基地爆炸69时间8核a伤害
405	13241 38842	3	   	235.70	橙3易伤2时间1伤害	1低血量敌人2加一346易伤5基地爆炸79时间8核a伤害
406	13283 38842	3	   	235.70	橙3易伤2时间1伤害	1低血量敌人2加一367易伤4基地爆炸59时间8核a伤害
407	13423 52228	10	 * 	235.70	橙3易伤3攻速2等级	17低血量敌人2加一36等级47a易伤578攻速7序列升级9核
408	13423 72718	8	   	235.70	橙3易伤3攻速2等级	17低血量敌人2加一38等级467易伤57a攻速7序列升级9核
409	13543 38842	2	   	235.70	橙3易伤2时间1伤害	1低血量敌人2加一3基地爆炸467易伤59时间8核a伤害
410	13741 18842	2	   	235.70	橙3易伤2时间1伤害	1低血量敌人2加一347易伤5基地爆炸69时间8核a伤害
411	13741 38842	2	   	235.70	橙3易伤2时间1伤害	1低血量敌人2加一346易伤5基地爆炸79时间8核a伤害
412	13843 38842	3	   	235.70	橙3易伤2时间1伤害	1低血量敌人2加一3基地爆炸467易伤59时间8核a伤害
413	14523 32471	8	   	235.70	橙3易伤2时间3等级	19低血量敌人235等级459易伤59序列升级6加一79时间8核a掉矿
414	14623 22152	5	   	235.70	橙3易伤2时间2等级	1低血量敌人25等级3立即金币459易伤5序列升级67时间8赏金塔a核
415	31116 11246	3	   	235.70	橙3易伤2时间1伤害	16策反2掉矿34a易伤56时间6序列升级7赏金邻近8伤害9核
416	31116 11346	3	   	235.70	橙3易伤2时间1伤害	16策反2掉矿34a易伤56时间6序列升级7赏金邻近8核9伤害
417	31126 11246	3	   	235.70	橙3易伤2时间1伤害	16策反24掉矿34a易伤46序列升级56时间7赏金邻近8伤害9核
418	31126 11346	3	   	235.70	橙3易伤2时间1伤害	16策反24掉矿34a易伤46序列升级56时间7赏金邻近8核9伤害
419	13383 21728	9	   	235.66	橙2易伤3时间1伤害1暴击	1低血量敌人2加一3伤害4暴击579时间6a易伤8核
420	13383 21743	10	   	235.66	橙2易伤3时间1伤害1暴击	1低血量敌人2加一3伤害4暴击57a时间69易伤8核
421	13325 24754	8	   	235.65	橙3易伤2时间1伤害1卖塔	19a低血量敌人2加一3伤害469易伤5卖塔79时间8核9序列升级
422	13325 24854	7	   	235.65	橙3易伤2时间1伤害1卖塔	19a低血量敌人2加一3伤害469易伤5卖塔79时间8核9序列升级
423	13325 11854	5	   	235.65	橙3易伤2时间1伤害1卖塔	19a低血量敌人2加一3伤害479易伤5卖塔69时间8核9序列升级
424	14523 32447	8	   	235.60	橙3易伤2时间3等级	1低血量敌人235等级45a易伤5序列升级6加一79时间8核
425	13325 24751	8	   	235.55	橙3易伤2时间1伤害1卖塔	19低血量敌人2加一3伤害469易伤5卖塔79时间8核9序列升级a掉矿
426	13325 24851	7	   	235.55	橙3易伤2时间1伤害1卖塔	19低血量敌人2加一3伤害469易伤5卖塔79时间8核9序列升级a掉矿
427	14523 32473	8	   	235.55	橙3易伤2时间3等级1卖塔	19低血量敌人235等级459易伤59序列升级6加一79时间8核a卖塔
428	13325 11851	5	   	235.55	橙3易伤2时间1伤害1卖塔	19低血量敌人2加一3伤害479易伤5卖塔69时间8核9序列升级a掉矿
429	13325 22727	10	   	235.55	橙3易伤2时间1伤害1卖塔	1a低血量敌人2加一3伤害46a易伤5卖塔7挖青8核9a时间a序列升级
