0	Index      	Bounty	 *	Score 	Summary	Detail	
1	46314 24415	9	 * 	286.67	橙3易伤3时间2伤害2等级1核弹	1a等级2加一35a易伤456时间5a序列升级7核8核弹9a伤害
2	46314 24417	10	   	286.67	橙3易伤3时间2伤害2等级1核弹	1a等级2加一35a易伤456时间5a序列升级7核8核弹9a伤害
3	15613 16233	3	 * 	286.06	橙4易伤2伤害1时间2雷电1全技能	18雷电238a易伤4时间5全技能6挖尘78伤害8序列升级9核
4	15622 31233	4	   	286.06	橙4易伤2伤害1时间2雷电1全技能	18雷电238a易伤4挖尘5时间68伤害7全技能8序列升级9核
5	51215 12352	7	 * 	285.44	橙3易伤3时间1伤害2暴击1等级	1平台248时间38暴击5伤害6等级789易伤8序列升级a核
6	51123 41267	3	 * 	284.43	橙4易伤2伤害2时间	1平台27时间37伤害467a易伤5加一7序列升级8核9雷电
7	46314 24311	10	   	282.86	橙3易伤3时间2伤害1等级	1等级2加一35a易伤456时间5序列升级7核89伤害
8	35552 11313	6	 * 	282.77	橙4易伤3时间2等级1攻速	189时间28等级3最后敌人4攻速5678易伤8序列升级a核
9	51131 21372	5	 * 	282.36	橙3易伤3伤害3时间	1平台279时间357伤害4加一679易伤79序列升级8赏金邻近a核
10	51131 81372	6	   	282.36	橙3易伤3伤害3时间	1平台279时间357伤害4加一679易伤79序列升级8赏金邻近a核
11	51133 21242	5	   	282.36	橙3易伤3伤害3时间	1平台257时间357伤害4加一57序列升级678易伤9赏金塔a核
12	51133 21262	5	   	282.36	橙3易伤3伤害3时间	1平台257时间357伤害4加一57序列升级678易伤9赏金邻近a核
13	51133 21442	5	   	282.36	橙3易伤3伤害3时间	1平台257时间357伤害4加一57序列升级679易伤8赏金邻近a核
14	51133 81242	6	   	282.36	橙3易伤3伤害3时间	1平台257时间357伤害4加一57序列升级678易伤9赏金塔a核
15	51133 81262	6	   	282.36	橙3易伤3伤害3时间	1平台257时间357伤害4加一57序列升级678易伤9赏金邻近a核
16	51133 81442	6	   	282.36	橙3易伤3伤害3时间	1平台257时间357伤害4加一57序列升级679易伤8赏金邻近a核
17	51138 21372	4	   	282.36	橙3易伤3伤害3时间	1平台279时间357伤害4加一679易伤79序列升级8赏金邻近a核
18	46314 24215	9	 * 	281.08	橙2易伤3时间2伤害2攻速2等级	1a等级2加一35易伤456时间5a序列升级7核8a攻速9a伤害
19	46314 24217	10	   	281.08	橙2易伤3时间2伤害2攻速2等级	1a等级2加一35易伤456时间5a序列升级7核8a攻速9a伤害
20	51141 11352	7	   	280.46	橙3易伤3时间2伤害1暴击	1平台278时间38伤害4金币生成5暴击689易伤8序列升级a核
21	15622 31236	4	   	279.67	橙3易伤2伤害1时间1等级2雷电1全技能	18雷电238易伤4挖尘5时间68伤害7全技能8序列升级9核a等级
22	13152 13533	9	   	279.51	橙4易伤2伤害1时间1全技能	1雷电26伤害3全技能4平台569a易伤6序列升级7时间8核
23	13152 13543	8	   	279.51	橙4易伤2伤害1时间1全技能	1雷电26伤害3全技能4平台569a易伤6序列升级7时间8核
24	13126 24223	4	   	279.51	橙4易伤2伤害1时间1全技能	1雷电26伤害3全技能467a易伤5平台6序列升级8时间9核
25	13152 11223	7	   	279.51	橙4易伤2伤害1时间1全技能	1雷电26伤害3全技能4平台567a易伤6序列升级8时间9核
26	13152 14223	6	   	279.51	橙4易伤2伤害1时间1全技能	1雷电26伤害3全技能4平台567a易伤6序列升级8时间9核
27	13152 24223	5	   	279.51	橙4易伤2伤害1时间1全技能	1雷电26伤害3全技能4平台567a易伤6序列升级8时间9核
28	13152 24223	4	   	279.51	橙4易伤2伤害1时间1全技能	1雷电26伤害3全技能4平台567a易伤6序列升级8时间9核
29	16652 11223	7	   	279.51	橙4易伤2伤害1时间1全技能	1雷电2全技能36伤害4平台567a易伤6序列升级8时间9核
30	31511 21542	2	   	279.02	橙3易伤3时间1伤害1等级1暴击	168时间2暴击3平台4伤害567易伤6序列升级9等级a核
31	51211 21542	3	   	279.02	橙3易伤3时间1伤害1等级1暴击	1平台268时间3暴击4伤害567易伤6序列升级9等级a核
32	46314 24344	10	   	278.92	橙3易伤3时间1伤害1等级1暴击	1等级2加一35a易伤456时间5序列升级7核8伤害9暴击
33	46314 24221	10	   	278.85	橙4易伤3时间1等级1攻速	1等级2加一359a易伤456时间5序列升级7核8攻速
34	31442 11216	2	 * 	278.85	橙3易伤3时间3雷电2暴击1全技能	168时间2a暴击38a易伤4平台58a雷电7全技能8a序列升级9核
35	51123 41265	3	   	278.04	橙3易伤2伤害2时间1等级	1平台27时间37伤害467易伤5加一7序列升级8核9雷电a等级
36	15635 23232	7	   	276.74	橙4易伤2时间2雷电1暴击1全技能	1a雷电238a易伤4暴击5全技能6低血量敌人7核9a时间a序列升级
37	51211 12352	7	   	276.38	橙3易伤3时间2暴击1等级1攻速	1平台248时间38暴击5攻速6等级789易伤8序列升级a核
38	51123 41252	3	   	276.37	橙3易伤3时间2伤害1全技能	1平台279时间37伤害467易伤5加一7序列升级8核a全技能
39	46314 24214	10	   	276.27	橙3易伤3时间1伤害1等级1攻速	1等级2加一35a易伤456时间5序列升级7核8攻速9伤害
40	46314 12544	6	   	276.16	橙4易伤3时间1等级	1等级2加一3569易伤45a时间5序列升级7雷电8核
41	51215 12312	7	 * 	276.11	橙2易伤3时间2伤害2暴击1等级	1平台248时间38暴击59伤害6等级78易伤8序列升级a核
42	51133 83271	9	   	276.02	橙4易伤2伤害2时间	1平台25时间35伤害4加一5序列升级678a易伤9核
43	35363 11412	1	   	275.03	橙3易伤3时间2暴击1等级1全技能	189时间2等级3全技能48暴击5随机矿68a易伤7核8序列升级
44	35363 11412	2	   	275.03	橙3易伤3时间2暴击1等级1全技能	189时间2等级3全技能48暴击5随机矿68a易伤7核8序列升级
45	35133 51412	3	   	274.93	橙3易伤3时间2暴击1等级1核弹1全技能	189时间2等级38暴击48a易伤5核弹6全技能7核8序列升级
46	13612 31222	7	 * 	274.81	橙4易伤2伤害3雷电1全技能	148雷电28伤害3挖青589a易伤6全技能7核8序列升级
47	21632 23828	2	 * 	274.73	紫3易伤3伤害3时间1等级	1核2加一38a伤害48a易伤5雷电6等级78a时间8a序列升级9赏金邻近
48	46314 11248	8	   	274.69	橙4易伤2时间1伤害1等级	1等级2加一356a易伤45时间5序列升级7敌人爆炸8伤害9核
49	46314 41148	5	   	274.69	橙4易伤2时间1伤害1等级	1等级2加一357a易伤45时间5序列升级6伤害8低血量敌人9核
50	46314 11263	9	   	274.69	橙4易伤2时间1伤害1等级	1等级2加一3569易伤45时间5序列升级7敌人爆炸8伤害a核
51	46314 14417	6	   	274.69	橙4易伤2时间1伤害1等级	1等级2加一3569易伤45时间5序列升级7金币生成8伤害a核
52	46314 41317	5	   	274.69	橙4易伤2时间1伤害1等级	1等级2加一3579易伤45时间5序列升级6伤害8随机矿a核
53	46314 41417	6	   	274.59	橙4易伤2时间1伤害1等级	1等级2加一3579易伤45时间5序列升级6掉矿8伤害a核
54	46314 18142	9	   	273.93	橙4易伤2时间1等级1攻速	1等级2加一3569易伤45时间5序列升级7雷电8攻速a核
55	31511 22452	2	   	273.78	橙3易伤3时间1伤害1暴击1攻速	167时间2暴击3平台4伤害569易伤6序列升级8攻速a核
56	51211 22452	3	   	273.78	橙3易伤3时间1伤害1暴击1攻速	1平台267时间3暴击4伤害569易伤6序列升级8攻速a核
57	51251 22252	4	   	273.78	橙3易伤3时间1伤害1暴击1攻速	1平台267时间3暴击4攻速569易伤6序列升级8伤害a核
58	51252 22252	5	   	273.78	橙3易伤3时间1伤害1暴击1攻速	1平台267时间3暴击4攻速569易伤6序列升级8伤害a核
59	35132 35334	3	   	273.51	橙2易伤3时间2伤害2等级1暴击	157时间27等级3暴击49易伤67伤害7序列升级8最后敌人a核
60	13152 13533	10	   	273.12	橙3易伤2伤害1等级1时间1全技能	1雷电26伤害3全技能4平台569易伤6序列升级7时间8核a等级
61	13152 13535	9	   	273.12	橙3易伤2伤害1等级1时间1全技能	1雷电26伤害3全技能4平台569易伤6序列升级7时间8核a等级
62	13126 24225	4	   	273.12	橙3易伤2伤害1等级1时间1全技能	1雷电26伤害3全技能467易伤5平台6序列升级8时间9核a等级
63	13152 11225	7	   	273.12	橙3易伤2伤害1等级1时间1全技能	1雷电26伤害3全技能4平台567易伤6序列升级8时间9核a等级
64	13152 14225	6	   	273.12	橙3易伤2伤害1等级1时间1全技能	1雷电26伤害3全技能4平台567易伤6序列升级8时间9核a等级
65	13152 24225	4	   	273.12	橙3易伤2伤害1等级1时间1全技能	1雷电26伤害3全技能4平台567易伤6序列升级8时间9核a等级
66	13152 24225	5	   	273.12	橙3易伤2伤害1等级1时间1全技能	1雷电26伤害3全技能4平台567易伤6序列升级8时间9核a等级
67	15334 23531	3	 * 	272.12	橙4易伤3等级1伤害1时间	1雷电2568易伤346等级6序列升级7伤害9核a时间
68	46314 11435	6	 * 	271.86	橙4易伤3时间3等级	19a等级2加一356a易伤459时间59a序列升级79a最后敌人8核
69	15631 53212	4	   	271.82	橙3易伤2伤害2雷电1暴击1攻速1全技能	1a雷电23a易伤4暴击5攻速6全技能7a伤害8挖青9核a序列升级
70	46314 21533	9	   	271.76	橙4易伤3时间2等级	19等级2加一3589易伤456时间59序列升级79矿等a核
71	46314 14433	7	   	271.66	橙4易伤3时间2等级	18等级2加一3568易伤457时间58序列升级9随机矿a核
72	42312 11313	6	   	271.56	橙4易伤3时间2等级1核弹	18等级2核弹389时间4挖青5678易伤8序列升级a核
73	42312 12353	6	   	271.56	橙4易伤3时间2等级1核弹	18等级2核弹378时间4挖青5689易伤8序列升级a核
74	42312 14313	7	   	271.56	橙4易伤3时间2等级1核弹	18等级2核弹389时间4挖青5678易伤8序列升级a核
75	66314 24381	10	 * 	271.56	橙4易伤3时间1伤害	1掉矿2加一359a易伤456时间5序列升级7核8伤害
76	13152 13123	8	   	271.45	橙3易伤2伤害2时间1全技能	1雷电26伤害3全技能4平台56a易伤6序列升级78时间9核
77	13152 13533	8	   	271.45	橙3易伤2伤害2时间1全技能	1雷电26伤害3全技能4平台56a易伤6序列升级79时间8核
78	16652 13123	8	   	271.45	橙3易伤2伤害2时间1全技能	1雷电2全技能36伤害4平台56a易伤6序列升级78时间9核
79	35322 53251	9	   	271.01	橙4易伤1伤害1等级1时间1攻速	1时间2等级359a易伤4掉矿6核7攻速8伤害
80	13152 13536	10	   	270.52	橙3易伤2伤害1时间1暴击1全技能	1雷电26伤害3全技能4平台569易伤6序列升级7时间8核a暴击
81	13126 24321	4	   	270.52	橙3易伤2伤害1时间1暴击1全技能	1雷电26伤害3全技能467易伤5平台6序列升级8暴击9时间a核
82	13152 11321	7	   	270.52	橙3易伤2伤害1时间1暴击1全技能	1雷电26伤害3全技能4平台567易伤6序列升级8暴击9时间a核
83	13152 14321	6	   	270.52	橙3易伤2伤害1时间1暴击1全技能	1雷电26伤害3全技能4平台567易伤6序列升级8暴击9时间a核
84	13152 24321	5	   	270.52	橙3易伤2伤害1时间1暴击1全技能	1雷电26伤害3全技能4平台567易伤6序列升级8暴击9时间a核
85	13152 24321	4	   	270.52	橙3易伤2伤害1时间1暴击1全技能	1雷电26伤害3全技能4平台567易伤6序列升级8暴击9时间a核
86	16652 11321	7	   	270.52	橙3易伤2伤害1时间1暴击1全技能	1雷电2全技能36伤害4平台567易伤6序列升级8暴击9时间a核
87	35552 13313	7	 * 	270.33	橙3易伤3时间2攻速2等级	189时间28等级3最后敌人47攻速568易伤8序列升级a核
88	46314 24245	9	   	270.33	橙3易伤3时间2攻速2等级	1a等级2加一35a易伤456时间5a序列升级7核8a攻速9随机矿
89	46314 24247	10	   	270.33	橙3易伤3时间2攻速2等级	1a等级2加一35a易伤456时间5a序列升级7核8a攻速9随机矿
90	13126 24115	4	   	269.81	橙4易伤2伤害2雷电1全技能	1a雷电26伤害3全技能467a易伤5平台6a序列升级8a掉矿9核
91	13152 11115	7	   	269.81	橙4易伤2伤害2雷电1全技能	1a雷电26伤害3全技能4平台567a易伤6a序列升级8a掉矿9核
92	13152 11215	8	   	269.81	橙4易伤2伤害2雷电1全技能	1a雷电26伤害3全技能4平台567a易伤6a序列升级8a掉矿9核
93	13152 14115	6	   	269.81	橙4易伤2伤害2雷电1全技能	1a雷电26伤害3全技能4平台567a易伤6a序列升级8a掉矿9核
94	13152 16215	7	   	269.81	橙4易伤2伤害2雷电1全技能	1a雷电26伤害3全技能4平台568a易伤6a序列升级7a掉矿9核
95	13152 24115	4	   	269.81	橙4易伤2伤害2雷电1全技能	1a雷电26伤害3全技能4平台567a易伤6a序列升级8a掉矿9核
96	13152 24115	5	   	269.81	橙4易伤2伤害2雷电1全技能	1a雷电26伤害3全技能4平台567a易伤6a序列升级8a掉矿9核
97	51123 41232	3	   	269.73	橙3易伤2伤害2时间1等级	1平台27时间37伤害467易伤5加一7序列升级8核9低血量敌人a等级
98	51524 21132	5	   	269.73	橙3易伤2伤害2时间1等级	1平台27时间3挖尘467易伤57伤害7序列升级8核9低血量敌人a等级
99	31511 22242	2	   	269.70	橙2易伤3时间2伤害1等级1暴击	167时间2暴击3平台48伤害56易伤6序列升级9等级a核
100	31511 23542	2	   	269.70	橙2易伤3时间2伤害1等级1暴击	168时间2暴击3平台47伤害56易伤6序列升级9等级a核
101	34511 22242	1	   	269.70	橙2易伤3时间2伤害1等级1暴击	167时间2暴击3平台48伤害56易伤6序列升级9等级a核
102	51211 22242	3	   	269.70	橙2易伤3时间2伤害1等级1暴击	1平台267时间3暴击48伤害56易伤6序列升级9等级a核
103	51211 23542	3	   	269.70	橙2易伤3时间2伤害1等级1暴击	1平台268时间3暴击47伤害56易伤6序列升级9等级a核
104	51611 22242	2	   	269.70	橙2易伤3时间2伤害1等级1暴击	1平台267时间3暴击48伤害56易伤6序列升级9等级a核
105	46314 43148	5	   	269.63	橙3易伤2伤害2时间1等级	1等级2加一35a易伤45时间5序列升级67伤害8低血量敌人9核
106	51123 41242	3	   	269.63	橙3易伤2伤害2时间1等级	1平台27时间37伤害467易伤5加一7序列升级8核9挖青a等级
107	51133 83273	10	   	269.63	橙3易伤2伤害2时间1等级	1平台25时间35伤害4加一5序列升级678易伤9核a等级
108	46314 43317	5	   	269.63	橙3易伤2伤害2时间1等级	1等级2加一359易伤45时间5序列升级67伤害8随机矿a核
109	31511 25352	2	   	269.29	橙3易伤3时间1伤害2暴击	168时间28暴击3平台4伤害569易伤68序列升级78金币生成a核
110	51211 25352	3	   	269.29	橙3易伤3时间1伤害2暴击	1平台268时间38暴击4伤害569易伤68序列升级78金币生成a核
111	35511 21313	3	   	269.19	橙3易伤3时间2等级1伤害	189时间28等级36最后敌人4伤害578易伤8序列升级a核
112	35511 21313	2	   	269.19	橙3易伤3时间2等级1伤害	189时间28等级36最后敌人4伤害578易伤8序列升级a核
113	35511 21313	1	   	269.19	橙3易伤3时间2等级1伤害	189时间28等级36最后敌人4伤害578易伤8序列升级a核
114	35511 22353	1	   	269.19	橙3易伤3时间2等级1伤害	178时间28等级36最后敌人4伤害589易伤8序列升级a核
115	35511 22353	3	   	269.19	橙3易伤3时间2等级1伤害	178时间28等级36最后敌人4伤害589易伤8序列升级a核
116	35511 22353	2	   	269.19	橙3易伤3时间2等级1伤害	178时间28等级36最后敌人4伤害589易伤8序列升级a核
117	35511 31313	3	   	269.19	橙3易伤3时间2等级1伤害	189时间28等级3最后敌人4伤害578易伤6立即金币8序列升级a核
118	35511 31313	1	   	269.19	橙3易伤3时间2等级1伤害	189时间28等级3最后敌人4伤害578易伤6立即金币8序列升级a核
119	35511 31313	2	   	269.19	橙3易伤3时间2等级1伤害	189时间28等级3最后敌人4伤害578易伤6立即金币8序列升级a核
120	35511 32353	2	   	269.19	橙3易伤3时间2等级1伤害	178时间28等级3最后敌人4伤害589易伤6立即金币8序列升级a核
121	35511 32353	1	   	269.19	橙3易伤3时间2等级1伤害	178时间28等级3最后敌人4伤害589易伤6立即金币8序列升级a核
122	35511 32353	3	   	269.19	橙3易伤3时间2等级1伤害	178时间28等级3最后敌人4伤害589易伤6立即金币8序列升级a核
123	35512 61313	4	   	269.19	橙3易伤3时间2等级1伤害	189时间28等级3最后敌人4立即金币5伤害678易伤8序列升级a核
124	44511 21313	1	   	269.19	橙3易伤3时间2等级1伤害	18等级289时间36最后敌人4伤害578易伤8序列升级a核
125	44511 31313	1	   	269.19	橙3易伤3时间2等级1伤害	18等级289时间3最后敌人4伤害578易伤6立即金币8序列升级a核
126	45511 21313	2	   	269.19	橙3易伤3时间2等级1伤害	18等级289时间36最后敌人4伤害578易伤8序列升级a核
127	45511 21313	3	   	269.19	橙3易伤3时间2等级1伤害	18等级289时间36最后敌人4伤害578易伤8序列升级a核
128	45511 31313	2	   	269.19	橙3易伤3时间2等级1伤害	18等级289时间3最后敌人4伤害578易伤6立即金币8序列升级a核
129	45511 31313	3	   	269.19	橙3易伤3时间2等级1伤害	18等级289时间3最后敌人4伤害578易伤6立即金币8序列升级a核
130	46314 11436	6	   	269.19	橙3易伤3时间2等级1伤害	19等级2加一356易伤459时间59序列升级79最后敌人8核a伤害
131	51123 41233	3	   	269.14	橙3易伤3伤害2时间	1平台27时间37a伤害467易伤5加一7序列升级8核9低血量敌人
132	51524 21133	5	   	269.14	橙3易伤3伤害2时间	1平台27时间3挖尘467易伤57a伤害7序列升级8核9低血量敌人
133	31612 11412	1	   	269.09	橙3易伤3时间1伤害2暴击	189时间28a易伤3矿等4伤害5双倍物品68暴击7核8序列升级
134	51123 41243	3	   	269.04	橙3易伤3伤害2时间	1平台27时间37a伤害467易伤5加一7序列升级8核9挖青
135	15252 31224	4	   	268.52	橙3易伤2伤害3雷电1时间1全技能	148雷电289易伤3基地爆炸5时间68伤害7全技能8序列升级a核
136	15152 63212	6	   	268.47	橙2易伤2时间2攻速1伤害2雷电1暴击1全技能	1a雷电28易伤3a攻速4伤害5全技能6暴击7a时间9核a序列升级
137	13612 31221	7	   	268.42	橙3易伤2伤害3雷电1时间1全技能	148雷电28伤害3挖青589易伤6全技能7核8序列升级a时间
138	21632 23844	2	 * 	268.39	紫4易伤2伤害2时间1等级	1核2加一38伤害489a易伤5雷电6等级78时间8序列升级
139	45331 21116	3	   	268.37	橙4易伤2时间1等级1暴击	1等级25时间3569易伤4平台5序列升级7金币生成8暴击a核
140	45331 22316	3	   	268.37	橙4易伤2时间1等级1暴击	1等级25时间3569易伤4平台5序列升级7暴击8随机矿a核
141	46314 15441	6	   	268.27	橙4易伤2时间1等级1暴击	1等级2加一356a易伤45时间5序列升级7低血量敌人8核9暴击
142	46314 16441	7	   	268.27	橙4易伤2时间1等级1暴击	1等级2加一356a易伤45时间5序列升级7基地爆炸8核9暴击
143	46314 16441	6	   	268.27	橙4易伤2时间1等级1暴击	1等级2加一356a易伤45时间5序列升级7基地爆炸8核9暴击
144	45331 23116	3	   	268.27	橙4易伤2时间1等级1暴击	1等级25时间3569易伤4平台5序列升级7掉矿8暴击a核
145	16422 33222	7	 * 	268.10	橙4易伤2时间3雷电1全技能	158雷电2全技能3随机矿489a易伤6核78时间8序列升级
146	31612 25362	2	   	268.07	橙2易伤3时间2伤害2暴击	17a时间27暴击3雷电46易伤57伤害7序列升级8赏金邻近9核
147	36133 14253	7	   	268.05	橙4易伤3时间1等级	127时间3策反4679易伤57敌人爆炸7序列升级8等级a核
148	45331 23334	3	   	267.85	橙4易伤3时间1等级	1等级258时间3569易伤4平台5序列升级7掉矿a核
149	46314 24521	10	   	267.85	橙4易伤3时间1等级	1等级2加一359a易伤456时间5序列升级7核8矿等
150	46311 14228	3	 * 	267.83	橙3易伤3伤害2等级1全技能	1a等级2加一39a易伤48a伤害5赏金邻近6全技能7核a序列升级
151	46314 14363	7	   	267.75	橙4易伤3时间1等级	1等级2加一3569易伤457时间5序列升级8掉矿a核
152	46314 24421	10	   	267.75	橙4易伤3时间1等级1核弹	1等级2加一359a易伤456时间5序列升级7核8核弹
153	66314 14263	7	   	267.75	橙4易伤3时间1等级	1掉矿2加一3569易伤457时间5序列升级8等级a核
154	31442 11212	2	   	267.33	橙3易伤3时间2雷电1暴击1全技能	168时间2暴击38a易伤4平台58雷电7全技能8序列升级9核
155	34442 11212	1	   	267.33	橙3易伤3时间2雷电1暴击1全技能	168时间2暴击38a易伤4平台58雷电7全技能8序列升级9核
156	51635 31212	3	   	267.09	橙3易伤3时间2暴击1全技能	1平台258时间3雷电48a易伤68暴击7全技能8序列升级9核
157	46314 24216	9	   	266.95	橙2易伤3时间2伤害1等级1攻速	1等级2加一35易伤456时间5序列升级7核8攻速9a伤害
158	13152 16313	9	   	266.85	橙2易伤3伤害2时间2雷电1全技能	1a雷电26a伤害3全技能4平台56易伤6a序列升级7掉矿8核9a时间
159	51131 21264	5	   	266.78	橙2易伤3伤害2时间1等级	1平台27时间357伤害4加一67易伤7序列升级8雷电9等级a核
160	51131 81264	6	   	266.78	橙2易伤3伤害2时间1等级	1平台27时间357伤害4加一67易伤7序列升级8雷电9等级a核
161	51138 21264	4	   	266.78	橙2易伤3伤害2时间1等级	1平台27时间357伤害4加一67易伤7序列升级8雷电9等级a核
162	51123 41251	3	   	266.71	橙3易伤3时间2伤害	1平台279时间37伤害467易伤5加一7序列升级8核a低血量敌人
163	51123 41253	3	   	266.71	橙3易伤3时间2伤害	1平台279时间37伤害467易伤5加一7序列升级8核a最后敌人
164	51123 41255	3	   	266.71	橙3易伤3时间2伤害	1平台279时间37伤害467易伤5加一7序列升级8核a基地爆炸
165	15116 33222	7	 * 	266.67	橙3易伤2时间2攻速3雷电1全技能	148雷电29a易伤38攻速5全技能6核78时间8序列升级
166	36132 62322	10	   	266.66	橙4易伤3时间2雷电	129时间3策反4689易伤5立即金币79雷电9序列升级a核
167	51123 41254	3	   	266.61	橙3易伤3时间2伤害	1平台279时间37伤害467易伤5加一7序列升级8核a赏金邻近
168	51123 41256	3	   	266.61	橙3易伤3时间2伤害	1平台279时间37伤害467易伤5加一7序列升级8核a赏金塔
169	51133 83272	10	   	266.61	橙3易伤3时间2伤害	1平台25a时间35伤害4加一5序列升级678易伤9核
170	51133 83273	9	   	266.61	橙3易伤3时间2伤害	1平台25a时间35伤害4加一5序列升级678易伤9核
171	66314 24345	9	   	266.61	橙3易伤3时间2伤害	1a掉矿2加一35a易伤456时间5a序列升级7核8a伤害9随机矿
172	66314 24346	10	   	266.61	橙3易伤3时间2伤害	1a掉矿2加一35a易伤456时间5a序列升级7核8a伤害9随机矿
173	36331 64264	2	   	266.61	橙3易伤3时间2伤害	127时间3敌人爆炸4加一579易伤67伤害7序列升级8掉矿a核
174	66314 42713	5	   	266.61	橙3易伤3时间2伤害	18掉矿2加一358易伤457时间58序列升级68伤害9立即金币a核
175	66314 42744	5	   	266.61	橙3易伤3时间2伤害	18掉矿2加一358易伤457时间58序列升级68伤害9敌人爆炸a核
176	23153 24315	1	 * 	266.57	紫3易伤3伤害2时间3雷电1全技能	1核289雷电3a时间4赏金邻近5全技能69a易伤79a伤害9a序列升级
177	66314 24311	10	   	266.51	橙3易伤3时间2伤害	1掉矿2加一35a易伤456时间5序列升级7核89伤害
178	66314 24415	9	   	266.51	橙3易伤3时间2伤害1核弹	1a掉矿2加一35a易伤456时间5a序列升级7核8核弹9a伤害
179	66314 24416	10	   	266.51	橙3易伤3时间2伤害1核弹	1a掉矿2加一35a易伤456时间5a序列升级7核8核弹9a伤害
180	66314 42734	5	   	266.51	橙3易伤3时间2伤害	18掉矿2加一358易伤457时间58序列升级68伤害9挖青a核
181	13163 63243	9	   	266.17	橙2易伤2伤害2暴击1时间1等级1全技能	1雷电2a伤害3全技能4等级5挖尘6a暴击7核8时间9a易伤a序列升级
182	35332 55211	8	   	266.05	橙3易伤2伤害1等级1时间1攻速	1时间2等级359易伤4金币生成6核78伤害a攻速
183	35322 55211	8	   	265.95	橙3易伤2伤害1等级1时间1攻速	1时间2等级359易伤4掉矿6核78伤害a攻速
184	46314 24228	10	   	265.87	橙3易伤3时间1等级1攻速1全技能	1等级2加一359易伤456时间5序列升级7核8攻速a全技能
185	31511 21323	2	   	265.80	橙3易伤2时间1伤害1等级1暴击	16时间2暴击3平台4伤害567易伤6序列升级8随机矿9等级a核
186	34511 21323	1	   	265.80	橙3易伤2时间1伤害1等级1暴击	16时间2暴击3平台4伤害567易伤6序列升级8随机矿9等级a核
187	51211 21323	3	   	265.80	橙3易伤2时间1伤害1等级1暴击	1平台26时间3暴击4伤害567易伤6序列升级8随机矿9等级a核
188	51611 21323	2	   	265.80	橙3易伤2时间1伤害1等级1暴击	1平台26时间3暴击4伤害567易伤6序列升级8随机矿9等级a核
189	46314 15444	6	   	265.70	橙3易伤2时间1伤害1等级1暴击	1等级2加一356易伤45时间5序列升级7低血量敌人8核9暴击a伤害
190	46314 41447	5	   	265.70	橙3易伤2时间1伤害1等级1暴击	1等级2加一357易伤45时间5序列升级6伤害8基地爆炸9核a暴击
191	35212 64313	10	   	265.63	橙4易伤2时间1等级1攻速	16时间2等级3矿等4挖青5678易伤6序列升级9攻速a核
192	46314 24318	10	   	265.61	橙2易伤3时间2伤害1等级1全技能	1等级2加一35易伤456时间5序列升级7核89伤害a全技能
193	13612 36224	7	 * 	265.42	橙3易伤2时间3雷电1伤害1全技能	148雷电2伤害3挖青589易伤6全技能78时间8序列升级a核
194	46314 21246	7	   	265.27	橙3易伤3时间1伤害1等级	1等级2加一35a易伤456时间5序列升级7矿等8伤害9核
195	46314 22246	6	   	265.27	橙3易伤3时间1伤害1等级	1等级2加一35a易伤456时间5序列升级7矿等8伤害9核
196	46314 24336	8	   	265.27	橙3易伤3时间1伤害1等级	1等级2加一35a易伤456时间5序列升级7核8伤害9矿等
197	46314 24354	10	   	265.27	橙3易伤3时间1伤害1等级	1等级2加一35a易伤456时间5序列升级7核8伤害9随机矿
198	46314 24361	8	   	265.27	橙3易伤3时间1伤害1等级	1等级2加一359易伤456时间5序列升级7核8伤害a低血量敌人
199	46314 24363	8	   	265.27	橙3易伤3时间1伤害1等级	1等级2加一359易伤456时间5序列升级7核8伤害a敌人爆炸
200	46314 24374	10	   	265.27	橙3易伤3时间1伤害1等级	1等级2加一35a易伤456时间5序列升级7核8伤害9额外掉落
201	46314 24384	8	   	265.27	橙3易伤3时间1伤害1等级	1等级2加一35a易伤456时间5序列升级7核8伤害9最后敌人
202	46314 24821	10	   	265.27	橙3易伤3时间1伤害1等级	1等级2加一35a易伤456时间5序列升级7核8立即金币9伤害
203	46314 44344	5	   	265.27	橙3易伤3时间1伤害1等级	1等级2加一35a易伤459时间5序列升级6伤害7低血量敌人8核
204	46314 45344	5	   	265.27	橙3易伤3时间1伤害1等级	1等级2加一35a易伤459时间5序列升级6伤害7最后敌人8核
205	46342 46434	8	 * 	265.25	橙4易伤2伤害2等级	19等级2加一359a易伤4策反6最后敌人79伤害8核9序列升级
206	51232 14613	8	   	265.25	橙4易伤3时间1暴击	1平台289时间3暴击48掉矿5678易伤8序列升级a核
207	46314 24334	10	   	265.17	橙3易伤3时间1伤害1等级	1等级2加一35a易伤456时间5序列升级7核8伤害9掉矿
208	46314 24336	9	   	265.17	橙3易伤3时间1伤害1等级	1等级2加一35a易伤456时间5序列升级7核8伤害9掉矿
209	46314 24362	8	   	265.17	橙3易伤3时间1伤害1等级	1等级2加一359易伤456时间5序列升级7核8伤害a掉矿
210	46314 24364	8	   	265.17	橙3易伤3时间1伤害1等级	1等级2加一359易伤456时间5序列升级7核8伤害a赏金邻近
211	46314 24414	10	   	265.17	橙3易伤3时间1伤害1等级1核弹	1等级2加一35a易伤456时间5序列升级7核8核弹9伤害
212	21511 21648	3	 * 	264.90	紫4易伤2伤害2时间2攻速1卖塔	1核2加一3a攻速46伤害567a易伤6a序列升级8a时间9卖塔
213	21541 21648	4	 * 	264.90	紫4易伤2伤害2时间2攻速1卖塔	1核2加一3a攻速46伤害567a易伤6a序列升级8a时间9卖塔
214	21542 21648	5	 * 	264.90	紫4易伤2伤害2时间2攻速1卖塔	1核2加一3a攻速46伤害567a易伤6a序列升级8a时间9卖塔
215	24111 21648	3	 * 	264.90	紫4易伤2伤害2时间2攻速1卖塔	1核2a攻速3加一46伤害567a易伤6a序列升级8a时间9卖塔
216	24141 21648	4	 * 	264.90	紫4易伤2伤害2时间2攻速1卖塔	1核2a攻速3加一46伤害567a易伤6a序列升级8a时间9卖塔
217	24142 21648	5	 * 	264.90	紫4易伤2伤害2时间2攻速1卖塔	1核2a攻速3加一46伤害567a易伤6a序列升级8a时间9卖塔
218	13121 63232	7	   	264.84	橙2易伤2伤害2时间2雷电1暴击1全技能	1a雷电2a伤害3全技能48易伤5随机矿6暴击7核9a时间a序列升级
219	16621 63232	7	   	264.84	橙2易伤2伤害2时间2雷电1暴击1全技能	1a雷电2全技能3a伤害48易伤5随机矿6暴击7核9a时间a序列升级
220	52123 41261	3	 * 	264.83	橙5易伤2伤害	1平台27敌人爆炸37伤害4679a易伤5加一7序列升级8核
221	55123 41261	3	   	264.83	橙5易伤2伤害	1平台27低血量敌人37伤害4679a易伤5加一7序列升级8核
222	13152 13523	7	   	264.64	橙3易伤2伤害2全技能1时间	1雷电26伤害38全技能4平台56a易伤6序列升级7时间9核
223	46314 24226	9	   	264.52	橙3易伤3时间1等级1攻速	1等级2加一359易伤456时间5序列升级7核8攻速a雷电
224	51123 41274	3	   	264.49	橙3易伤2伤害2时间1攻速	1平台27时间37伤害467易伤5加一7序列升级8核9随机矿a攻速
225	32312 16215	3	   	264.30	橙3易伤2时间1伤害2雷电1暴击	1a时间2掉矿38a易伤4伤害5双倍物品6暴击7a雷电9核a序列升级
226	46314 24316	9	   	264.26	橙2易伤3时间2伤害1等级	1等级2加一35易伤456时间5序列升级7核89伤害a雷电
227	43663 12311	1	 * 	263.77	橙4易伤2等级2暴击1时间1卖塔	18等级25最后敌人3卖塔458a易伤58序列升级6核78暴击9时间
228	13152 13513	8	   	263.42	橙3易伤2伤害1时间2雷电1全技能	19雷电26伤害3全技能4平台56a易伤6序列升级7时间8核
229	13152 15223	7	   	263.42	橙3易伤2伤害1时间2雷电1全技能	17雷电26伤害3全技能4平台56a易伤6序列升级8时间9核
230	15513 16233	2	   	263.42	橙3易伤2伤害1时间2雷电1全技能	18雷电28a易伤3双倍矿4时间5全技能6挖尘78伤害8序列升级9核
231	15613 16231	3	   	263.42	橙3易伤2伤害1时间2雷电1全技能	18雷电238易伤4时间5全技能6挖尘78伤害8序列升级9核a矿等
232	15613 16232	3	   	263.42	橙3易伤2伤害1时间2雷电1全技能	18雷电238易伤4时间5全技能6挖尘78伤害8序列升级9核a立即金币
233	15622 31231	4	   	263.42	橙3易伤2伤害1时间2雷电1全技能	18雷电238易伤4挖尘5时间68伤害7全技能8序列升级9核a矿等
234	15622 31232	4	   	263.42	橙3易伤2伤害1时间2雷电1全技能	18雷电238易伤4挖尘5时间68伤害7全技能8序列升级9核a立即金币
235	15622 31234	4	   	263.42	橙3易伤2伤害1时间2雷电1全技能	18雷电238易伤4挖尘5时间68伤害7全技能8序列升级9核a金币生成
236	15622 31235	4	   	263.42	橙3易伤2伤害1时间2雷电1全技能	18雷电238易伤4挖尘5时间68伤害7全技能8序列升级9核a随机矿
237	16513 16233	1	   	263.42	橙3易伤2伤害1时间2雷电1全技能	18雷电28a易伤3双倍矿4时间5全技能6挖尘78伤害8序列升级9核
238	15125 31215	2	   	263.42	橙3易伤2伤害1时间2雷电1全技能	18雷电258易伤3时间4敌人爆炸68伤害7全技能8序列升级9挖尘a核
239	15611 31215	3	   	263.42	橙3易伤2伤害1时间2雷电1全技能	18雷电238易伤4时间5基地爆炸68伤害7全技能8序列升级9挖尘a核
240	15622 31225	4	   	263.42	橙3易伤2伤害1时间2雷电1全技能	18雷电238易伤4挖尘5时间68伤害7全技能8序列升级9基地爆炸a核
241	16125 31215	1	   	263.42	橙3易伤2伤害1时间2雷电1全技能	18雷电258易伤3时间4敌人爆炸68伤害7全技能8序列升级9挖尘a核
242	35332 55213	8	   	263.36	橙3易伤2伤害1等级1时间	1时间2等级359易伤4金币生成6核78伤害a雷电
243	13152 11623	8	   	263.26	橙4易伤2伤害1全技能	1雷电26伤害3全技能4平台567a易伤6序列升级8敌人爆炸9核
244	13152 12543	8	   	263.26	橙4易伤2伤害1全技能	1雷电26伤害3全技能4平台569a易伤6序列升级7敌人爆炸8核
245	35322 55213	8	   	263.26	橙3易伤2伤害1等级1时间	1时间2等级359易伤4掉矿6核78伤害a雷电
246	16552 11212	8	 * 	263.09	橙4易伤3攻速2雷电1全技能	1a雷电2全技能36a攻速4平台567a易伤6a序列升级8随机矿9核
247	15614 21212	7	   	263.09	橙4易伤2时间2雷电1全技能	1a雷电238a易伤4全技能5a时间67平台9核a序列升级
248	16552 11223	7	   	263.07	橙4易伤2攻速1时间1全技能	1雷电2全技能36攻速4平台567a易伤6序列升级8时间9核
249	15334 22531	3	   	263.06	橙4易伤3等级1时间1攻速	1雷电2568易伤346等级6序列升级7攻速9核a时间
250	46314 41448	5	   	263.05	橙3易伤2时间1伤害1等级1攻速	1等级2加一357易伤45时间5序列升级6伤害8基地爆炸9核a攻速
251	46314 83342	10	   	263.05	橙3易伤2时间1伤害1等级1攻速	1等级2加一359易伤45时间5序列升级6随机矿7攻速8核a伤害
252	51232 14613	10	   	263.03	橙4易伤2时间1暴击1攻速	1平台28时间3暴击48掉矿5678易伤8序列升级9攻速a核
253	46314 24217	9	   	263.02	橙2易伤3时间1伤害1等级1暴击1攻速	1等级2加一35易伤456时间5序列升级7核8攻速9伤害a暴击
254	46314 43263	9	   	262.95	橙3易伤2时间1伤害1等级1攻速	1等级2加一359易伤45时间5序列升级6掉矿7攻速8伤害a核
255	46314 12541	6	   	262.93	橙4易伤2时间1等级	1等级2加一3569易伤45时间5序列升级7雷电8核a基地爆炸
256	46314 12542	6	   	262.93	橙4易伤2时间1等级	1等级2加一3569易伤45时间5序列升级7雷电8核a敌人爆炸
257	46314 18442	9	   	262.93	橙4易伤2时间1等级	1等级2加一3569易伤45时间5序列升级7雷电8策反a核
258	15114 21253	2	   	262.85	橙4易伤2时间2雷电1全技能1卖塔	18雷电258a易伤38时间4平台6卖塔7全技能8序列升级9核
259	16114 21253	1	   	262.85	橙4易伤2时间2雷电1全技能1卖塔	18雷电258a易伤38时间4平台6卖塔7全技能8序列升级9核
260	46314 12543	6	   	262.83	橙4易伤2时间1等级	1等级2加一3569易伤45时间5序列升级7雷电8核a赏金塔
261	46314 13463	7	   	262.83	橙4易伤2时间1等级	1等级2加一356a易伤45时间5序列升级7双倍物品8雷电9核
262	31511 21213	2	   	262.77	橙3易伤3时间1伤害1暴击	169时间2暴击3平台4伤害567易伤6序列升级8双倍矿a核
263	31511 21513	2	   	262.77	橙3易伤3时间1伤害1暴击	168时间2暴击3平台4伤害567易伤6序列升级9立即金币a核
264	31511 21522	2	   	262.77	橙3易伤3时间1伤害1暴击	168时间2暴击3平台4伤害567易伤6序列升级9矿等a核
265	31511 21613	2	   	262.77	橙3易伤3时间1伤害1暴击	169时间2暴击3平台4伤害567易伤6序列升级8立即金币a核
266	31511 22152	2	   	262.77	橙3易伤3时间1伤害1暴击	167时间2暴击3平台4伤害569易伤6序列升级8金币生成a核
267	31511 22652	2	   	262.77	橙3易伤3时间1伤害1暴击	167时间2暴击3平台4伤害569易伤6序列升级8矿等a核
268	34511 21213	1	   	262.77	橙3易伤3时间1伤害1暴击	169时间2暴击3平台4伤害567易伤6序列升级8双倍矿a核
269	34511 21513	1	   	262.77	橙3易伤3时间1伤害1暴击	168时间2暴击3平台4伤害567易伤6序列升级9立即金币a核
270	34511 21522	1	   	262.77	橙3易伤3时间1伤害1暴击	168时间2暴击3平台4伤害567易伤6序列升级9矿等a核
271	34511 21613	1	   	262.77	橙3易伤3时间1伤害1暴击	169时间2暴击3平台4伤害567易伤6序列升级8立即金币a核
272	34511 22152	1	   	262.77	橙3易伤3时间1伤害1暴击	167时间2暴击3平台4伤害569易伤6序列升级8金币生成a核
273	51211 21213	3	   	262.77	橙3易伤3时间1伤害1暴击	1平台269时间3暴击4伤害567易伤6序列升级8双倍矿a核
274	51211 21513	3	   	262.77	橙3易伤3时间1伤害1暴击	1平台268时间3暴击4伤害567易伤6序列升级9立即金币a核
275	51211 21522	3	   	262.77	橙3易伤3时间1伤害1暴击	1平台268时间3暴击4伤害567易伤6序列升级9矿等a核
276	51211 21613	3	   	262.77	橙3易伤3时间1伤害1暴击	1平台269时间3暴击4伤害567易伤6序列升级8立即金币a核
277	51211 22152	3	   	262.77	橙3易伤3时间1伤害1暴击	1平台267时间3暴击4伤害569易伤6序列升级8金币生成a核
278	51211 22652	3	   	262.77	橙3易伤3时间1伤害1暴击	1平台267时间3暴击4伤害569易伤6序列升级8矿等a核
279	51611 21213	2	   	262.77	橙3易伤3时间1伤害1暴击	1平台269时间3暴击4伤害567易伤6序列升级8双倍矿a核
280	51611 21513	2	   	262.77	橙3易伤3时间1伤害1暴击	1平台268时间3暴击4伤害567易伤6序列升级9立即金币a核
281	51611 21522	2	   	262.77	橙3易伤3时间1伤害1暴击	1平台268时间3暴击4伤害567易伤6序列升级9矿等a核
282	51611 21613	2	   	262.77	橙3易伤3时间1伤害1暴击	1平台269时间3暴击4伤害567易伤6序列升级8立即金币a核
283	51611 22152	2	   	262.77	橙3易伤3时间1伤害1暴击	1平台267时间3暴击4伤害569易伤6序列升级8金币生成a核
284	31155 63212	1	   	262.67	橙3易伤3时间2等级1暴击	19a时间25a易伤3赏金塔4基地爆炸6核7暴击8a等级a序列升级
285	31511 22352	2	   	262.67	橙3易伤3时间1伤害1暴击	167时间2暴击3平台4伤害569易伤6序列升级8掉矿a核
286	34511 22352	1	   	262.67	橙3易伤3时间1伤害1暴击	167时间2暴击3平台4伤害569易伤6序列升级8掉矿a核
287	51211 22352	3	   	262.67	橙3易伤3时间1伤害1暴击	1平台267时间3暴击4伤害569易伤6序列升级8掉矿a核
288	51611 22352	2	   	262.67	橙3易伤3时间1伤害1暴击	1平台267时间3暴击4伤害569易伤6序列升级8掉矿a核
289	66314 24374	10	   	262.57	橙3易伤3时间1伤害1暴击	1掉矿2加一35a易伤456时间5序列升级7核8伤害9暴击
290	66314 24281	10	   	262.50	橙4易伤3时间1攻速	1掉矿2加一359a易伤456时间5序列升级7核8攻速
291	35312 11412	3	 * 	262.14	橙2易伤3时间2等级1伤害2暴击	189时间28等级3a易伤4伤害5双倍物品68暴击7核8序列升级
292	45312 11412	3	   	262.14	橙2易伤3时间2等级1伤害2暴击	18等级289时间3a易伤4伤害5双倍物品68暴击7核8序列升级
293	52121 21156	5	   	261.89	橙3易伤2伤害2时间	1平台27敌人爆炸35伤害47时间67a易伤7序列升级8核9雷电
294	13152 21223	7	   	261.82	橙4易伤1伤害1时间1全技能	1雷电2伤害3全技能4平台567a易伤8时间9核
295	13152 23533	9	   	261.82	橙4易伤1伤害1时间1全技能	1雷电2伤害3全技能4平台569a易伤7时间8核
296	13152 23543	8	   	261.82	橙4易伤1伤害1时间1全技能	1雷电2伤害3全技能4平台569a易伤7时间8核
297	13152 24223	6	   	261.82	橙4易伤1伤害1时间1全技能	1雷电2伤害3全技能4平台567a易伤8时间9核
298	16652 21223	7	   	261.82	橙4易伤1伤害1时间1全技能	1雷电2全技能3伤害4平台567a易伤8时间9核
299	35363 11433	1	   	261.81	橙3易伤2时间2暴击1等级1全技能	18时间2等级3全技能48暴击5随机矿68a易伤7核8序列升级9立即金币
300	35363 11433	2	   	261.81	橙3易伤2时间2暴击1等级1全技能	18时间2等级3全技能48暴击5随机矿68a易伤7核8序列升级9立即金币
301	51123 41261	3	   	261.79	橙3易伤2伤害2时间	1平台27时间37伤害467易伤5加一7序列升级8核9雷电a基地爆炸
302	51123 41263	3	   	261.79	橙3易伤2伤害2时间	1平台27时间37伤害467易伤5加一7序列升级8核9雷电a额外掉落
303	51123 41264	3	   	261.79	橙3易伤2伤害2时间	1平台27时间37伤害467易伤5加一7序列升级8核9雷电a双倍矿
304	51123 41266	3	   	261.79	橙3易伤2伤害2时间	1平台27时间37伤害467易伤5加一7序列升级8核9雷电a敌人爆炸
305	51133 21267	4	   	261.79	橙3易伤2伤害2时间	15平台27时间37伤害4加一67a易伤7序列升级8核9雷电
306	15613 53133	3	   	261.72	橙4易伤1伤害1时间1全技能	1雷电236a易伤4时间5全技能7伤害8挖尘9核
307	35133 51433	3	   	261.71	橙3易伤2时间2暴击1等级1核弹1全技能	18时间2等级38暴击48a易伤5核弹6全技能7核8序列升级9立即金币
308	51123 41262	3	   	261.69	橙3易伤2伤害2时间	1平台27时间37伤害467易伤5加一7序列升级8核9雷电a赏金邻近
309	53121 21156	5	   	261.69	橙3易伤2伤害2时间	1平台27挖尘35伤害47时间67a易伤7序列升级8核9雷电
310	42622 11411	1	 * 	261.68	橙2易伤2伤害2等级2暴击1时间1全技能	18等级28暴击3全技能4最后敌人5a伤害68易伤7核8序列升级9时间
311	52123 41263	3	   	261.54	橙4易伤2伤害1时间	1平台27敌人爆炸37伤害4679易伤5加一7序列升级8核a时间
312	55123 41263	3	   	261.54	橙4易伤2伤害1时间	1平台27低血量敌人37伤害4679易伤5加一7序列升级8核a时间
313	51131 83271	9	   	261.34	橙4易伤2伤害1时间	1平台2时间35伤害4加一678a易伤9核
314	66314 24215	9	   	260.91	橙2易伤3时间2伤害2攻速	1a掉矿2加一35易伤456时间5a序列升级7核8a攻速9a伤害
315	66314 24216	10	   	260.91	橙2易伤3时间2伤害2攻速	1a掉矿2加一35易伤456时间5a序列升级7核8a攻速9a伤害
316	15633 53212	5	   	260.82	橙3易伤2伤害2雷电1暴击1全技能	1a雷电23a易伤4暴击5策反6全技能7a伤害8挖青9核a序列升级
317	13152 13125	8	   	260.79	橙2易伤2伤害2时间1等级1全技能	1雷电26伤害3全技能4平台56易伤6序列升级78时间9核a等级
318	13152 13535	8	   	260.79	橙2易伤2伤害2时间1等级1全技能	1雷电26伤害3全技能4平台56易伤6序列升级79时间8核a等级
319	15114 31253	2	   	260.41	橙3易伤2时间2暴击2雷电1全技能	18雷电25a易伤38时间4平台68暴击7全技能8序列升级9核
320	15635 23332	7	   	260.41	橙3易伤2时间2暴击2雷电1全技能	1a雷电23a易伤48暴击5全技能6低血量敌人7核9a时间a序列升级
321	16114 31253	1	   	260.41	橙3易伤2时间2暴击2雷电1全技能	18雷电25a易伤38时间4平台68暴击7全技能8序列升级9核
322	51631 31253	3	   	260.41	橙3易伤2时间2暴击2雷电1全技能	1平台28时间35雷电48a易伤68暴击7全技能8序列升级9核
323	46314 11247	8	   	260.35	橙3易伤2时间1伤害1等级	1等级2加一356易伤45时间5序列升级7敌人爆炸8伤害9核a雷电
324	46314 12612	6	   	260.35	橙3易伤2时间1伤害1等级	1等级2加一356易伤45时间5序列升级7雷电8伤害9最后敌人a核
325	46314 12622	6	   	260.35	橙3易伤2时间1伤害1等级	1等级2加一356易伤45时间5序列升级7雷电8伤害9立即金币a核
326	46314 12632	6	   	260.35	橙3易伤2时间1伤害1等级	1等级2加一356易伤45时间5序列升级7雷电8伤害9双倍矿a核
327	46314 41147	5	   	260.35	橙3易伤2时间1伤害1等级	1等级2加一357易伤45时间5序列升级6伤害8低血量敌人9核a雷电
328	46314 41152	5	   	260.35	橙3易伤2时间1伤害1等级	1等级2加一357易伤45时间5序列升级6伤害8低血量敌人9雷电a核
329	46314 41222	5	   	260.35	橙3易伤2时间1伤害1等级	1等级2加一357易伤45时间5序列升级6伤害8双倍矿9雷电a核
330	46314 41722	5	   	260.35	橙3易伤2时间1伤害1等级	1等级2加一357易伤45时间5序列升级6伤害8立即金币9雷电a核
331	51232 14622	8	   	260.33	橙4易伤2时间1暴击	1平台28时间3暴击48掉矿5678易伤8序列升级9雷电a核
332	46314 24342	9	   	260.32	橙2易伤3时间1伤害1等级1暴击	1等级2加一35易伤456时间5序列升级7核8伤害9暴击a雷电
333	46314 24342	8	   	260.32	橙2易伤3时间1伤害1等级1暴击	1等级2加一35易伤456时间5序列升级7核8伤害9暴击a雷电
334	46314 12531	6	   	260.25	橙3易伤2时间1伤害1等级	1等级2加一356易伤45时间5序列升级7雷电8核9挖尘a伤害
335	35352 51313	5	   	260.13	橙3易伤3时间2等级1攻速	189时间28等级357易伤4攻速68最后敌人8序列升级a核
336	35551 21313	1	   	260.13	橙3易伤3时间2等级1攻速	189时间28等级36最后敌人4攻速578易伤8序列升级a核
337	35551 21313	2	   	260.13	橙3易伤3时间2等级1攻速	189时间28等级36最后敌人4攻速578易伤8序列升级a核
338	35551 21313	3	   	260.13	橙3易伤3时间2等级1攻速	189时间28等级36最后敌人4攻速578易伤8序列升级a核
339	35551 21313	4	   	260.13	橙3易伤3时间2等级1攻速	189时间28等级36最后敌人4攻速578易伤8序列升级a核
340	35551 31313	1	   	260.13	橙3易伤3时间2等级1攻速	189时间28等级3最后敌人4攻速578易伤6立即金币8序列升级a核
341	35551 31313	2	   	260.13	橙3易伤3时间2等级1攻速	189时间28等级3最后敌人4攻速578易伤6立即金币8序列升级a核
342	35551 31313	3	   	260.13	橙3易伤3时间2等级1攻速	189时间28等级3最后敌人4攻速578易伤6立即金币8序列升级a核
343	35551 31313	4	   	260.13	橙3易伤3时间2等级1攻速	189时间28等级3最后敌人4攻速578易伤6立即金币8序列升级a核
344	35552 12313	6	   	260.13	橙3易伤3时间2等级1攻速	178时间28等级3最后敌人4攻速568易伤8序列升级9立即金币a核
345	35552 12333	6	   	260.13	橙3易伤3时间2等级1攻速	178时间28等级3最后敌人4攻速568易伤8序列升级9双倍矿a核
346	35552 21313	5	   	260.13	橙3易伤3时间2等级1攻速	189时间28等级36最后敌人4攻速578易伤8序列升级a核
347	35552 31313	5	   	260.13	橙3易伤3时间2等级1攻速	189时间28等级3最后敌人4攻速578易伤6立即金币8序列升级a核
348	51243 11352	7	   	260.13	橙3易伤3时间2暴击1攻速	1平台278时间38暴击4金币生成5攻速689易伤8序列升级a核
349	46334 13248	8	   	260.10	橙4易伤1伤害1等级1时间	1等级2加一356a易伤45敌人爆炸5序列升级7时间8伤害9核
350	46334 13263	9	   	260.10	橙4易伤1伤害1等级1时间	1等级2加一3569易伤45敌人爆炸5序列升级7时间8伤害a核
351	46312 13541	3	   	260.09	橙2易伤2伤害2时间2等级1暴击	18等级2加一38易伤4a伤害5双倍物品6暴击78时间8序列升级9核
352	31652 11412	1	   	260.03	橙3易伤3时间2暴击1攻速	189时间28a易伤3矿等4攻速5双倍物品68暴击7核8序列升级
353	51233 11352	7	   	260.03	橙3易伤3时间2暴击1攻速	1平台278时间38暴击4掉矿5攻速689易伤8序列升级a核
354	35231 81417	3	   	260.00	橙4易伤1伤害1等级1时间	1时间2等级3矿等4加一5679易伤8伤害a核
355	35322 52251	9	   	260.00	橙4易伤1伤害1等级1时间	1时间2等级359a易伤4掉矿6核7金币生成8伤害
356	46232 11417	6	   	260.00	橙4易伤1伤害1等级1时间	1等级2加一3矿等4时间5679易伤8伤害a核
357	46313 11417	6	   	260.00	橙4易伤1伤害1等级1时间	1等级2加一3679易伤4时间5金币生成8伤害a核
358	31511 25312	2	   	259.96	橙2易伤3时间2伤害2暴击	168时间28暴击3平台49伤害56易伤68序列升级78金币生成a核
359	34511 25312	1	   	259.96	橙2易伤3时间2伤害2暴击	168时间28暴击3平台49伤害56易伤68序列升级78金币生成a核
360	51211 25312	3	   	259.96	橙2易伤3时间2伤害2暴击	1平台268时间38暴击49伤害56易伤68序列升级78金币生成a核
361	51611 25312	2	   	259.96	橙2易伤3时间2伤害2暴击	1平台268时间38暴击49伤害56易伤68序列升级78金币生成a核
362	46314 24226	10	   	259.93	橙3易伤3时间2等级1攻速	1a等级2加一359易伤456时间5序列升级7核8攻速
363	66314 24214	10	   	259.93	橙3易伤3时间1伤害1攻速	1掉矿2加一35a易伤456时间5序列升级7核8攻速9伤害
364	35511 23313	3	   	259.86	橙2易伤3时间2伤害2等级	189时间28等级36最后敌人47伤害58易伤8序列升级a核
365	35511 23313	1	   	259.86	橙2易伤3时间2伤害2等级	189时间28等级36最后敌人47伤害58易伤8序列升级a核
366	35511 23313	2	   	259.86	橙2易伤3时间2伤害2等级	189时间28等级36最后敌人47伤害58易伤8序列升级a核
367	35511 33313	3	   	259.86	橙2易伤3时间2伤害2等级	189时间28等级3最后敌人47伤害58易伤6立即金币8序列升级a核
368	35511 33313	1	   	259.86	橙2易伤3时间2伤害2等级	189时间28等级3最后敌人47伤害58易伤6立即金币8序列升级a核
369	35511 33313	2	   	259.86	橙2易伤3时间2伤害2等级	189时间28等级3最后敌人47伤害58易伤6立即金币8序列升级a核
370	35512 63313	4	   	259.86	橙2易伤3时间2伤害2等级	189时间28等级3最后敌人4立即金币57伤害68易伤8序列升级a核
371	44511 23313	1	   	259.86	橙2易伤3时间2伤害2等级	18等级289时间36最后敌人47伤害58易伤8序列升级a核
372	44511 33313	1	   	259.86	橙2易伤3时间2伤害2等级	18等级289时间3最后敌人47伤害58易伤6立即金币8序列升级a核
373	45511 23313	2	   	259.86	橙2易伤3时间2伤害2等级	18等级289时间36最后敌人47伤害58易伤8序列升级a核
374	45511 23313	3	   	259.86	橙2易伤3时间2伤害2等级	18等级289时间36最后敌人47伤害58易伤8序列升级a核
375	45511 33313	2	   	259.86	橙2易伤3时间2伤害2等级	18等级289时间3最后敌人47伤害58易伤6立即金币8序列升级a核
376	45511 33313	3	   	259.86	橙2易伤3时间2伤害2等级	18等级289时间3最后敌人47伤害58易伤6立即金币8序列升级a核
377	46314 24315	8	   	259.86	橙2易伤3时间2伤害2等级	1a等级2加一35易伤456时间5a序列升级7核8a伤害9a策反
378	66314 12544	6	   	259.81	橙4易伤3时间	1掉矿2加一3569易伤45a时间5序列升级7雷电8核
379	31132 35334	2	   	259.76	橙2易伤3时间2伤害2暴击	157时间27暴击3掉矿49易伤67伤害7序列升级8最后敌人a核
380	31132 35534	2	   	259.76	橙2易伤3时间2伤害2暴击	157时间27暴击3掉矿49易伤67伤害7序列升级8基地爆炸a核
381	31632 35334	3	   	259.76	橙2易伤3时间2伤害2暴击	157时间27暴击3掉矿49易伤67伤害7序列升级8最后敌人a核
382	34132 35334	1	   	259.76	橙2易伤3时间2伤害2暴击	157时间27暴击3掉矿49易伤67伤害7序列升级8最后敌人a核
383	21511 21681	3	 * 	259.69	紫5易伤2伤害1时间1攻速	1核2加一3攻速46伤害5679a易伤6序列升级8时间
384	21541 21681	4	   	259.69	紫5易伤2伤害1时间1攻速	1核2加一3攻速46伤害5679a易伤6序列升级8时间
385	21542 21681	5	   	259.69	紫5易伤2伤害1时间1攻速	1核2加一3攻速46伤害5679a易伤6序列升级8时间
386	24111 21681	3	   	259.69	紫5易伤2伤害1时间1攻速	1核2攻速3加一46伤害5679a易伤6序列升级8时间
387	24141 21681	4	   	259.69	紫5易伤2伤害1时间1攻速	1核2攻速3加一46伤害5679a易伤6序列升级8时间
388	24142 21681	5	   	259.69	紫5易伤2伤害1时间1攻速	1核2攻速3加一46伤害5679a易伤6序列升级8时间
389	46314 24316	10	   	259.66	橙2易伤3时间2伤害2等级	1a等级2加一35易伤456时间5序列升级7核89伤害
390	15635 21332	6	   	259.11	橙3易伤2时间3雷电1暴击1全技能	17a雷电23a易伤4暴击5全技能6低血量敌人8核9a时间a序列升级
391	36234 24184	2	   	259.01	橙2易伤3时间2伤害1攻速	129时间3挖青4加一5雷电69易伤7核89伤害9序列升级a攻速
392	51125 21142	3	   	258.88	橙3易伤3时间1伤害1全技能	1平台279时间3伤害467易伤57基地爆炸7序列升级8核a全技能
393	46314 16443	7	   	258.86	橙3易伤3时间1等级1暴击	1等级2加一356易伤45a时间5序列升级7基地爆炸8核9暴击
394	46314 16443	6	   	258.86	橙3易伤3时间1等级1暴击	1等级2加一356易伤45a时间5序列升级7基地爆炸8核9暴击
395	33363 11412	2	   	258.78	橙3易伤3时间2暴击1全技能	189时间2矿等3全技能48暴击5随机矿68a易伤7核8序列升级
396	36363 11412	1	   	258.78	橙3易伤3时间2暴击1全技能	189时间2矿等3全技能48暴击5随机矿68a易伤7核8序列升级
397	46314 44235	7	   	258.76	橙3易伤3时间1等级1暴击	1等级2加一359易伤458时间5序列升级6掉矿7暴击a核
398	33163 51412	3	   	258.68	橙3易伤3时间2暴击1核弹1全技能	189时间2矿等38暴击48a易伤5核弹6全技能7核8序列升级
399	16422 33221	7	   	258.68	橙3易伤3时间3雷电1全技能	158雷电2全技能3随机矿489易伤6核78a时间8序列升级
400	11412 25252	1	   	258.62	橙3易伤2伤害3雷电1时间1卖塔	178雷电2最后敌人3卖塔467易伤57伤害7序列升级9时间a核
401	15312 23333	5	   	258.61	橙4易伤2等级1时间2雷电	14雷电2567易伤36等级6序列升级8赏金塔9时间a核
402	15314 23333	4	   	258.61	橙4易伤2等级1时间2雷电	14雷电2567易伤36等级6序列升级8赏金塔9时间a核
403	16426 11112	8	 * 	258.58	橙4易伤2攻速3雷电1全技能	16a雷电2全技能3随机矿467a易伤5平台6a序列升级8a攻速9核
404	35322 53221	9	 * 	258.57	橙3易伤2攻速1伤害1等级1时间	1时间2等级35a易伤4掉矿6核79攻速8伤害
405	35322 53231	8	   	258.57	橙3易伤2攻速1伤害1等级1时间	1时间2等级35a易伤4掉矿6核79攻速8伤害
406	45322 53221	9	   	258.57	橙3易伤2攻速1伤害1等级1时间	1等级2时间35a易伤4掉矿6核79攻速8伤害
407	45322 53231	8	   	258.57	橙3易伤2攻速1伤害1等级1时间	1等级2时间35a易伤4掉矿6核79攻速8伤害
408	15115 21216	2	   	258.54	橙3易伤3时间3雷电1全技能1卖塔	18a雷电28a易伤358时间4平台6卖塔7全技能8a序列升级9核
409	16115 21216	1	   	258.54	橙3易伤3时间3雷电1全技能1卖塔	18a雷电28a易伤358时间4平台6卖塔7全技能8a序列升级9核
410	34532 13316	7	 * 	258.54	橙4易伤2时间2暴击	18时间2金币生成3平台48暴击5689易伤7随机矿8序列升级a核
411	46334 13435	7	   	258.54	橙4易伤2时间2等级	1a等级2加一356a易伤459敌人爆炸5a序列升级7a时间8核
412	51131 21472	5	   	258.48	橙2易伤3伤害2时间1等级	1平台27时间357伤害4加一67易伤7序列升级8双倍矿9等级a核
413	51131 81472	6	   	258.48	橙2易伤3伤害2时间1等级	1平台27时间357伤害4加一67易伤7序列升级8双倍矿9等级a核
414	51138 21472	4	   	258.48	橙2易伤3伤害2时间1等级	1平台27时间357伤害4加一67易伤7序列升级8双倍矿9等级a核
415	31512 33264	8	   	258.44	橙4易伤2时间2暴击	1a时间2a暴击3敌人爆炸4掉矿578a易伤6核9额外掉落a序列升级
416	51262 33252	5	   	258.43	橙2易伤3时间1伤害2暴击1等级	1平台245时间34暴击4序列升级6等级79易伤8伤害a核
417	51133 83432	9	   	258.38	橙2易伤3伤害2时间1等级	1平台25时间359伤害4加一5序列升级67易伤8等级a核
418	46314 11317	8	   	258.34	橙4易伤2时间2等级	18等级2加一3569易伤45时间5序列升级7敌人爆炸a核
419	66314 11263	9	   	258.34	橙4易伤2时间1伤害	1掉矿2加一3569易伤45时间5序列升级7敌人爆炸8伤害a核
420	66314 14417	6	   	258.34	橙4易伤2时间1伤害	1掉矿2加一3569易伤45时间5序列升级7金币生成8伤害a核
421	66314 41317	5	   	258.34	橙4易伤2时间1伤害	1掉矿2加一3579易伤45时间5序列升级6伤害8随机矿a核
422	31512 33248	10	   	258.34	橙4易伤2时间2暴击	1a时间2a暴击3敌人爆炸4掉矿578a易伤6核9加一a序列升级
423	35132 12451	3	   	258.33	橙2易伤3时间1伤害2暴击1等级	158时间2等级37暴击4a易伤6核9伤害
424	46314 24343	9	   	258.33	橙2易伤3时间1伤害2暴击1等级	1等级2加一35易伤456时间5序列升级7核8伤害9a暴击
425	46314 24343	8	   	258.33	橙2易伤3时间1伤害2暴击1等级	1等级2加一35易伤456时间5序列升级7核8伤害9a暴击
426	13335 51113	9	   	258.29	橙2易伤2伤害2时间1暴击1全技能	1雷电2a伤害3矿等4暴击5全技能6a易伤7最后敌人8核9a时间a序列升级
427	13335 51143	8	   	258.29	橙2易伤2伤害2时间1暴击1全技能	1雷电2a伤害3矿等4暴击5全技能6a易伤7最后敌人8核9a时间a序列升级
428	13335 53413	9	   	258.29	橙2易伤2伤害2时间1暴击1全技能	1雷电2a伤害3矿等4暴击5全技能6a易伤7核8基地爆炸9a时间a序列升级
429	13335 53513	9	   	258.29	橙2易伤2伤害2时间1暴击1全技能	1雷电2a伤害3矿等4暴击5全技能6a易伤7核8低血量敌人9a时间a序列升级
430	13335 54113	9	   	258.29	橙2易伤2伤害2时间1暴击1全技能	1雷电2a伤害3矿等4暴击5全技能6a易伤7低血量敌人8核9a时间a序列升级
431	13152 13562	9	   	258.19	橙2易伤2伤害2时间1暴击1全技能	1雷电26伤害3全技能4平台56易伤6序列升级7a时间8核9暴击
432	15115 31216	2	 * 	257.98	橙2易伤3时间3暴击3雷电1全技能	18a雷电2a易伤358时间4平台68a暴击7全技能8a序列升级9核
433	16115 31216	1	   	257.98	橙2易伤3时间3暴击3雷电1全技能	18a雷电2a易伤358时间4平台68a暴击7全技能8a序列升级9核
434	31511 21142	2	   	257.85	橙3易伤2时间1伤害1暴击	16时间2暴击3平台4伤害567易伤6序列升级8最后敌人9雷电a核
435	31511 21222	2	   	257.85	橙3易伤2时间1伤害1暴击	16时间2暴击3平台4伤害567易伤6序列升级8双倍矿9雷电a核
436	31511 21622	2	   	257.85	橙3易伤2时间1伤害1暴击	16时间2暴击3平台4伤害567易伤6序列升级8立即金币9雷电a核
437	34511 21142	1	   	257.85	橙3易伤2时间1伤害1暴击	16时间2暴击3平台4伤害567易伤6序列升级8最后敌人9雷电a核
438	34511 21222	1	   	257.85	橙3易伤2时间1伤害1暴击	16时间2暴击3平台4伤害567易伤6序列升级8双倍矿9雷电a核
439	34511 21622	1	   	257.85	橙3易伤2时间1伤害1暴击	16时间2暴击3平台4伤害567易伤6序列升级8立即金币9雷电a核
440	51211 21142	3	   	257.85	橙3易伤2时间1伤害1暴击	1平台26时间3暴击4伤害567易伤6序列升级8最后敌人9雷电a核
441	51211 21222	3	   	257.85	橙3易伤2时间1伤害1暴击	1平台26时间3暴击4伤害567易伤6序列升级8双倍矿9雷电a核
442	51211 21622	3	   	257.85	橙3易伤2时间1伤害1暴击	1平台26时间3暴击4伤害567易伤6序列升级8立即金币9雷电a核
443	51611 21142	2	   	257.85	橙3易伤2时间1伤害1暴击	1平台26时间3暴击4伤害567易伤6序列升级8最后敌人9雷电a核
444	51611 21222	2	   	257.85	橙3易伤2时间1伤害1暴击	1平台26时间3暴击4伤害567易伤6序列升级8双倍矿9雷电a核
445	51611 21622	2	   	257.85	橙3易伤2时间1伤害1暴击	1平台26时间3暴击4伤害567易伤6序列升级8立即金币9雷电a核
446	66314 11414	6	 * 	257.81	橙5易伤2时间	1掉矿2加一3569a易伤45时间5序列升级7最后敌人8核
447	66314 15414	7	   	257.81	橙5易伤2时间	1掉矿2加一3569a易伤45时间5序列升级7最后敌人8核
448	66314 81414	5	   	257.81	橙5易伤2时间	1掉矿2加一3569a易伤45时间5序列升级7最后敌人8核
449	35331 22522	3	   	257.75	橙3易伤2时间2等级1暴击	18时间25等级356易伤4平台5序列升级7暴击9雷电a核
450	46314 24151	7	   	257.67	橙2易伤3时间1伤害1等级1攻速	1等级2加一35易伤456时间5序列升级7核8攻速9伤害a雷电
451	46314 24211	9	   	257.67	橙2易伤3时间1伤害1等级1攻速	1等级2加一35易伤456时间5序列升级7核8攻速9伤害a雷电
452	46314 24216	10	   	257.67	橙2易伤3时间1伤害1等级1攻速	1等级2加一35易伤456时间5序列升级7核8攻速9伤害a雷电
453	46314 24251	8	   	257.67	橙2易伤3时间1伤害1等级1攻速	1等级2加一35易伤456时间5序列升级7核8攻速9伤害a雷电
454	31612 26232	2	   	257.65	橙3易伤2时间1伤害1暴击	1a时间2暴击3雷电469易伤5伤害7赏金塔8核
455	34612 26232	1	   	257.65	橙3易伤2时间1伤害1暴击	1a时间2暴击3雷电469易伤5伤害7赏金塔8核
456	66314 18142	9	   	257.58	橙4易伤2时间1攻速	1掉矿2加一3569易伤45时间5序列升级7雷电8攻速a核
457	42533 35323	1	 * 	257.56	橙2易伤3伤害3暴击3等级	178等级278暴击34易伤5低血量敌人678伤害78序列升级9敌人爆炸a核
458	21632 14844	2	 * 	257.52	紫4易伤2伤害2等级1时间	1核2加一38伤害489a易伤5雷电6时间78等级8序列升级
459	35331 21116	3	   	257.50	橙4易伤2等级1时间1暴击	1时间25等级3569易伤4平台5序列升级7金币生成8暴击a核
460	35331 22316	3	   	257.50	橙4易伤2等级1时间1暴击	1时间25等级3569易伤4平台5序列升级7暴击8随机矿a核
461	35332 55212	9	   	257.44	橙2易伤3伤害1等级1时间1暴击	1时间2等级35易伤4金币生成6核78a伤害9暴击
462	46314 11431	6	   	257.43	橙3易伤3时间2等级	19等级2加一356易伤459时间59序列升级79最后敌人8核a雷电
463	46314 15431	7	   	257.43	橙3易伤3时间2等级	19等级2加一356易伤459时间59序列升级79最后敌人8核a雷电
464	35331 23116	3	   	257.40	橙4易伤2等级1时间1暴击	1时间25等级3569易伤4平台5序列升级7掉矿8暴击a核
465	35322 55212	9	   	257.34	橙2易伤3伤害1等级1时间1暴击	1时间2等级35易伤4掉矿6核78a伤害9暴击
466	31511 22432	2	   	257.08	橙2易伤3时间2攻速1伤害1暴击	167时间2暴击3平台4伤害56易伤6序列升级89攻速a核
467	34511 22432	1	   	257.08	橙2易伤3时间2攻速1伤害1暴击	167时间2暴击3平台4伤害56易伤6序列升级89攻速a核
468	51211 22432	3	   	257.08	橙2易伤3时间2攻速1伤害1暴击	1平台267时间3暴击4伤害56易伤6序列升级89攻速a核
469	51251 22232	4	   	257.08	橙2易伤3时间2攻速1伤害1暴击	1平台267时间3暴击49攻速56易伤6序列升级8伤害a核
470	51252 22232	5	   	257.08	橙2易伤3时间2攻速1伤害1暴击	1平台267时间3暴击49攻速56易伤6序列升级8伤害a核
471	51611 22432	2	   	257.08	橙2易伤3时间2攻速1伤害1暴击	1平台267时间3暴击4伤害56易伤6序列升级89攻速a核
472	13126 25223	4	   	256.87	橙3易伤2伤害1时间1全技能	1雷电26伤害3全技能46a易伤5平台6序列升级7立即金币8时间9核
473	13152 11325	8	   	256.87	橙3易伤2伤害1等级1全技能	1雷电26伤害3全技能4平台567易伤6序列升级8基地爆炸9核a等级
474	13152 11625	8	   	256.87	橙3易伤2伤害1等级1全技能	1雷电26伤害3全技能4平台567易伤6序列升级8敌人爆炸9核a等级
475	13152 12132	10	   	256.87	橙3易伤2伤害1时间1全技能	1雷电26伤害3全技能4平台569易伤6序列升级7敌人爆炸8时间a核
476	13152 12524	9	   	256.87	橙3易伤2伤害1时间1全技能	1雷电26伤害3全技能4平台56a易伤6序列升级7敌人爆炸8核9时间
477	13152 13232	10	   	256.87	橙3易伤2伤害1时间1全技能	1雷电26伤害3全技能4平台569易伤6序列升级7时间8基地爆炸a核
478	13152 13512	9	   	256.87	橙3易伤2伤害1时间1全技能	1雷电26伤害3全技能4平台56a易伤6序列升级7时间8核9矿等
479	13152 13523	9	   	256.87	橙3易伤2伤害1时间1全技能	1雷电26伤害3全技能4平台56a易伤6序列升级7时间8核9立即金币
480	13152 13524	8	   	256.87	橙3易伤2伤害1时间1全技能	1雷电26伤害3全技能4平台56a易伤6序列升级7时间8核9敌人爆炸
481	13152 13531	9	   	256.87	橙3易伤2伤害1时间1全技能	1雷电26伤害3全技能4平台569易伤6序列升级7时间8核a基地爆炸
482	13152 13532	10	   	256.87	橙3易伤2伤害1时间1全技能	1雷电26伤害3全技能4平台569易伤6序列升级7时间8核a随机矿
483	13152 13532	9	   	256.87	橙3易伤2伤害1时间1全技能	1雷电26伤害3全技能4平台569易伤6序列升级7时间8核a低血量敌人
484	13152 13534	9	   	256.87	橙3易伤2伤害1时间1全技能	1雷电26伤害3全技能4平台569易伤6序列升级7时间8核a金币生成
485	13152 13541	8	   	256.87	橙3易伤2伤害1时间1全技能	1雷电26伤害3全技能4平台569易伤6序列升级7时间8核a基地爆炸
486	13152 13542	8	   	256.87	橙3易伤2伤害1时间1全技能	1雷电26伤害3全技能4平台569易伤6序列升级7时间8核a低血量敌人
487	13152 13553	8	   	256.87	橙3易伤2伤害1时间1全技能	1雷电26伤害3全技能49平台56a易伤6序列升级7时间8核
488	13152 13562	8	   	256.87	橙3易伤2伤害1时间1全技能	1雷电26伤害3全技能4平台56a易伤6序列升级7时间8核9策反
489	13152 15223	6	   	256.87	橙3易伤2伤害1时间1全技能	1雷电26伤害3全技能4平台56a易伤6序列升级7立即金币8时间9核
490	13152 25223	4	   	256.87	橙3易伤2伤害1时间1全技能	1雷电26伤害3全技能4平台56a易伤6序列升级7立即金币8时间9核
491	13152 25223	5	   	256.87	橙3易伤2伤害1时间1全技能	1雷电26伤害3全技能4平台56a易伤6序列升级7立即金币8时间9核
492	16652 12132	10	   	256.87	橙3易伤2伤害1时间1全技能	1雷电2全技能36伤害4平台569易伤6序列升级7敌人爆炸8时间a核
493	16652 13232	10	   	256.87	橙3易伤2伤害1时间1全技能	1雷电2全技能36伤害4平台569易伤6序列升级7时间8基地爆炸a核
494	13126 24221	4	   	256.87	橙3易伤2伤害1时间1全技能	1雷电26伤害3全技能467易伤5平台6序列升级8时间9核a基地爆炸
495	13126 24222	4	   	256.87	橙3易伤2伤害1时间1全技能	1雷电26伤害3全技能467易伤5平台6序列升级8时间9核a低血量敌人
496	13126 24224	4	   	256.87	橙3易伤2伤害1时间1全技能	1雷电26伤害3全技能467易伤5平台6序列升级8时间9核a金币生成
497	13152 11221	7	   	256.87	橙3易伤2伤害1时间1全技能	1雷电26伤害3全技能4平台567易伤6序列升级8时间9核a基地爆炸
498	13152 11222	7	   	256.87	橙3易伤2伤害1时间1全技能	1雷电26伤害3全技能4平台567易伤6序列升级8时间9核a低血量敌人
499	13152 11224	7	   	256.87	橙3易伤2伤害1时间1全技能	1雷电26伤害3全技能4平台567易伤6序列升级8时间9核a金币生成
500	13152 14221	6	   	256.87	橙3易伤2伤害1时间1全技能	1雷电26伤害3全技能4平台567易伤6序列升级8时间9核a基地爆炸
501	13152 14222	6	   	256.87	橙3易伤2伤害1时间1全技能	1雷电26伤害3全技能4平台567易伤6序列升级8时间9核a低血量敌人
502	13152 14224	6	   	256.87	橙3易伤2伤害1时间1全技能	1雷电26伤害3全技能4平台567易伤6序列升级8时间9核a金币生成
503	13152 24221	4	   	256.87	橙3易伤2伤害1时间1全技能	1雷电26伤害3全技能4平台567易伤6序列升级8时间9核a基地爆炸
504	13152 24221	5	   	256.87	橙3易伤2伤害1时间1全技能	1雷电26伤害3全技能4平台567易伤6序列升级8时间9核a基地爆炸
505	13152 24222	4	   	256.87	橙3易伤2伤害1时间1全技能	1雷电26伤害3全技能4平台567易伤6序列升级8时间9核a低血量敌人
506	13152 24222	5	   	256.87	橙3易伤2伤害1时间1全技能	1雷电26伤害3全技能4平台567易伤6序列升级8时间9核a低血量敌人
507	13152 24224	5	   	256.87	橙3易伤2伤害1时间1全技能	1雷电26伤害3全技能4平台567易伤6序列升级8时间9核a金币生成
508	13152 24224	4	   	256.87	橙3易伤2伤害1时间1全技能	1雷电26伤害3全技能4平台567易伤6序列升级8时间9核a金币生成
509	16652 11221	7	   	256.87	橙3易伤2伤害1时间1全技能	1雷电2全技能36伤害4平台567易伤6序列升级8时间9核a基地爆炸
510	16652 11222	7	   	256.87	橙3易伤2伤害1时间1全技能	1雷电2全技能36伤害4平台567易伤6序列升级8时间9核a低血量敌人
511	13152 13531	10	   	256.77	橙3易伤2伤害1时间1全技能	1雷电26伤害3全技能4平台569易伤6序列升级7时间8核a挖青
512	13152 13534	10	   	256.77	橙3易伤2伤害1时间1全技能	1雷电26伤害3全技能4平台569易伤6序列升级7时间8核a掉矿
513	13152 13535	10	   	256.77	橙3易伤2伤害1时间1核弹1全技能	1雷电26伤害3全技能4平台569易伤6序列升级7时间8核a核弹
514	13152 13536	9	   	256.77	橙3易伤2伤害1时间1全技能	1雷电26伤害3全技能4平台569易伤6序列升级7时间8核a赏金邻近
515	13152 13543	9	   	256.77	橙3易伤2伤害1时间1全技能	1雷电26伤害3全技能4平台56a易伤6序列升级7时间8核9挖青
516	13152 16123	7	   	256.77	橙3易伤2伤害1等级1全技能	1雷电26伤害3全技能4平台56a易伤6序列升级7掉矿8等级9核
517	13152 16312	9	   	256.77	橙3易伤2伤害1时间1全技能	1雷电26伤害3全技能4平台56a易伤6序列升级7掉矿8核9时间
518	13152 16342	10	   	256.77	橙3易伤2伤害1等级1全技能	1雷电26伤害3全技能4平台569易伤6序列升级7掉矿8核a等级
519	13152 16353	8	   	256.77	橙3易伤2伤害1等级1全技能	1雷电26伤害3全技能4平台56a易伤6序列升级7掉矿8核9等级
520	13152 23223	7	   	256.77	橙3易伤2伤害1时间1全技能	1雷电28伤害3全技能4平台56a易伤7时间9核
521	15614 23223	6	   	256.77	橙3易伤2伤害1时间1全技能	1雷电23a易伤4全技能5时间6平台78伤害9核
522	16652 23223	7	   	256.77	橙3易伤2伤害1时间1全技能	1雷电2全技能38伤害4平台56a易伤7时间9核
523	13126 24226	4	   	256.77	橙3易伤2伤害1时间1全技能	1雷电26伤害3全技能467易伤5平台6序列升级8时间9核a赏金邻近
524	13152 11226	7	   	256.77	橙3易伤2伤害1时间1全技能	1雷电26伤害3全技能4平台567易伤6序列升级8时间9核a赏金邻近
525	13152 13636	7	   	256.77	橙3易伤2伤害1时间1全技能	1雷电26伤害3全技能4平台569易伤6序列升级7时间8赏金邻近a核
526	13152 14226	6	   	256.77	橙3易伤2伤害1时间1全技能	1雷电26伤害3全技能4平台567易伤6序列升级8时间9核a赏金邻近
527	13152 24226	5	   	256.77	橙3易伤2伤害1时间1全技能	1雷电26伤害3全技能4平台567易伤6序列升级8时间9核a赏金邻近
528	13152 24226	4	   	256.77	橙3易伤2伤害1时间1全技能	1雷电26伤害3全技能4平台567易伤6序列升级8时间9核a赏金邻近
529	21346 44187	3	   	256.75	紫3易伤2伤害2时间1等级1攻速	1核2加一39时间4雷电59a易伤6攻速7等级89伤害9序列升级
530	21143 44187	2	   	256.75	紫3易伤2伤害2时间1等级1攻速	1核2加一39a易伤4雷电59时间6攻速7等级89伤害9序列升级
531	21632 23817	2	   	256.75	紫3易伤2伤害2时间1等级1攻速	1核2加一38伤害48a易伤5雷电6等级78时间8序列升级9攻速
532	21632 23847	2	   	256.75	紫3易伤2伤害2时间1等级1攻速	1核2加一38伤害489易伤5雷电6等级78时间8序列升级a攻速
533	51251 21323	4	   	256.74	橙3易伤2时间1等级1暴击1攻速	1平台26时间3暴击4攻速567易伤6序列升级8随机矿9等级a核
534	51252 21323	5	   	256.74	橙3易伤2时间1等级1暴击1攻速	1平台26时间3暴击4攻速567易伤6序列升级8随机矿9等级a核
