0	Index      	Bounty	 *	Score 	Summary	Detail	
1	31513 14521	3	 * 	276.36	橙4易伤2伤害2等级1攻速	1随机矿27等级3789易伤4立即金币57伤害6核7序列升级a攻速
2	33552 26121	8	 * 	271.76	橙4易伤3时间2等级	1随机矿2立即金币379a易伤457时间67等级7序列升级8核
3	62311 22166	9	 * 	269.19	橙3易伤3时间1伤害2暴击	167时间2低血量敌人3随机矿47a易伤57暴击7序列升级8核9伤害
4	65311 22126	9	   	269.19	橙3易伤3时间1伤害2暴击	167时间2基地爆炸3随机矿47a易伤57暴击7序列升级8核9伤害
5	61311 22126	9	   	269.09	橙3易伤3时间1伤害2暴击	167时间2挖尘3随机矿47a易伤57暴击7序列升级8核9伤害
6	61311 22126	10	   	269.09	橙3易伤3时间1伤害2暴击	167时间2挖尘3随机矿47a易伤57暴击7序列升级8核9伤害
7	62432 23521	6	 * 	268.44	橙3易伤2伤害2时间2雷电	18时间2低血量敌人38雷电4最后敌人5a伤害6核789易伤8序列升级
8	62432 23521	7	   	268.44	橙3易伤2伤害2时间2雷电	18时间2低血量敌人38雷电4最后敌人5a伤害6核789易伤8序列升级
9	62432 23521	8	   	268.44	橙3易伤2伤害2时间2雷电	18时间2低血量敌人38雷电4最后敌人5a伤害6核789易伤8序列升级
10	61432 23521	6	   	268.34	橙3易伤2伤害2时间2雷电	18时间2挖尘38雷电4最后敌人5a伤害6核789易伤8序列升级
11	61432 23521	7	   	268.34	橙3易伤2伤害2时间2雷电	18时间2挖尘38雷电4最后敌人5a伤害6核789易伤8序列升级
12	61432 23521	8	   	268.34	橙3易伤2伤害2时间2雷电	18时间2挖尘38雷电4最后敌人5a伤害6核789易伤8序列升级
13	62311 22126	8	   	265.37	橙3易伤3时间2暴击1等级	167时间2低血量敌人3随机矿47a易伤57暴击7序列升级8核9等级
14	65311 22126	8	   	265.37	橙3易伤3时间2暴击1等级	167时间2基地爆炸3随机矿47a易伤57暴击7序列升级8核9等级
15	31513 14523	3	   	265.35	橙4易伤2伤害2等级	1随机矿27等级3789易伤4立即金币57伤害6核7序列升级a策反
16	61215 31423	10	   	265.27	橙3易伤3时间1伤害1等级	148时间28挖尘3基地爆炸5等级68a易伤7核8序列升级9伤害
17	61311 22126	8	   	265.27	橙3易伤3时间2暴击1等级	167时间2挖尘3随机矿47a易伤57暴击7序列升级8核9等级
18	64311 22126	8	   	265.27	橙3易伤3时间2暴击1等级	167时间2挖青3随机矿47a易伤57暴击7序列升级8核9等级
19	31513 14522	3	   	265.25	橙4易伤2伤害2等级	1随机矿27等级3789易伤4立即金币57伤害6核7序列升级a掉矿
20	31513 14115	3	   	265.11	橙4易伤2伤害2等级1卖塔	1随机矿27等级379a易伤4立即金币57伤害6核7序列升级8卖塔
21	62611 42133	1	   	264.43	橙4易伤2时间2雷电1攻速	1a时间2敌人爆炸348a易伤5低血量敌人6核7攻速9a雷电a序列升级
22	61511 42133	3	   	264.33	橙4易伤2时间2雷电1攻速	1a时间2挖尘348a易伤5低血量敌人6核7攻速9a雷电a序列升级
23	61611 42133	2	   	264.33	橙4易伤2时间2雷电1攻速	1a时间2挖尘348a易伤5低血量敌人6核7攻速9a雷电a序列升级
24	62432 23522	6	   	264.08	橙3易伤3时间1伤害2雷电	18a时间2低血量敌人38雷电4最后敌人5伤害6核789易伤8序列升级
25	62432 23522	7	   	264.08	橙3易伤3时间1伤害2雷电	18a时间2低血量敌人38雷电4最后敌人5伤害6核789易伤8序列升级
26	62432 23522	8	   	264.08	橙3易伤3时间1伤害2雷电	18a时间2低血量敌人38雷电4最后敌人5伤害6核789易伤8序列升级
27	22216 13332	8	   	261.34	橙4易伤2伤害1时间	128掉矿28序列升级3金币生成48伤害5689易伤7核a时间
28	22216 13363	9	 * 	260.94	橙4易伤3伤害	128掉矿28a序列升级3a金币生成48a伤害568a易伤7核9随机矿
29	61432 23522	6	   	260.41	橙3易伤2时间1伤害2雷电1全技能	18时间2挖尘38雷电4最后敌人5伤害6核789易伤8序列升级a全技能
30	61432 23522	7	   	260.41	橙3易伤2时间1伤害2雷电1全技能	18时间2挖尘38雷电4最后敌人5伤害6核789易伤8序列升级a全技能
31	61432 23522	8	   	260.41	橙3易伤2时间1伤害2雷电1全技能	18时间2挖尘38雷电4最后敌人5伤害6核789易伤8序列升级a全技能
32	62311 22126	9	   	260.13	橙3易伤3时间2暴击1攻速	167时间2低血量敌人3随机矿47a易伤57暴击7序列升级8核9攻速
33	65521 22121	10	 * 	260.06	橙2易伤3时间2伤害2暴击	167时间27a基地爆炸3a易伤4金币生成57暴击7a序列升级8核9a伤害
34	65521 32121	10	   	260.06	橙2易伤3时间2伤害2暴击	17a时间267基地爆炸3a易伤4金币生成57暴击7a序列升级8核9a伤害
35	64311 22126	9	   	260.03	橙3易伤3时间2暴击1攻速	167时间2挖青3随机矿47a易伤57暴击7序列升级8核9攻速
36	61113 34324	8	   	260.00	橙4易伤1伤害1等级1时间	1时间2挖尘3策反456a易伤7等级8核9伤害
37	61313 31324	9	   	260.00	橙4易伤1伤害1等级1时间	1时间2挖尘3随机矿456a易伤7伤害8核9等级
38	61313 31365	10	   	260.00	橙4易伤1伤害1等级1时间	1时间2挖尘3随机矿4569易伤7伤害8核a等级
39	61313 34324	8	   	260.00	橙4易伤1伤害1等级1时间	1时间2挖尘3随机矿456a易伤7等级8核9伤害
40	61523 31324	9	   	260.00	橙4易伤1伤害1等级1时间	1时间2挖尘356a易伤4金币生成7伤害8核9等级
41	65531 22121	10	   	259.96	橙2易伤3时间2伤害2暴击	167时间27a基地爆炸3a易伤4掉矿57暴击7a序列升级8核9a伤害
42	65531 32121	10	   	259.96	橙2易伤3时间2伤害2暴击	17a时间267基地爆炸3a易伤4掉矿57暴击7a序列升级8核9a伤害
43	61533 31324	9	   	259.90	橙4易伤1伤害1时间1等级	1时间2挖尘356a易伤4掉矿7伤害8核9等级
44	53311 12136	1	   	259.90	橙4易伤2伤害2雷电1卖塔	1卖塔238a易伤3a序列升级4金币生成5赏金塔6核7a雷电9a伤害
45	53313 12136	1	   	259.90	橙4易伤2伤害2雷电1卖塔	1卖塔238a易伤3a序列升级4金币生成5赏金邻近6核7a雷电9a伤害
46	61512 42121	10	   	259.76	橙2易伤3时间2伤害2暴击	147时间27a挖尘3a易伤5金币生成67暴击7a序列升级8核9a伤害
47	61521 22121	10	   	259.76	橙2易伤3时间2伤害2暴击	167时间27a挖尘3a易伤4金币生成57暴击7a序列升级8核9a伤害
48	61531 22121	10	   	259.66	橙2易伤3时间2伤害2暴击	167时间27a挖尘3a易伤4掉矿57暴击7a序列升级8核9a伤害
49	31513 14324	3	   	258.96	橙3易伤2伤害2等级1时间	1随机矿27等级37a易伤4立即金币57伤害6核7序列升级8时间9最后敌人
50	31513 14334	3	   	258.96	橙3易伤2伤害2等级1时间	1随机矿27等级37a易伤4立即金币57伤害6核7序列升级8时间9低血量敌人
51	62316 42112	9	   	258.78	橙3易伤3时间2暴击1全技能	157时间2低血量敌人3随机矿47a易伤67暴击7序列升级8核9全技能
52	62311 22112	9	   	258.78	橙3易伤3时间2暴击1全技能	167时间2低血量敌人3随机矿47a易伤57暴击7序列升级8核9全技能
53	62311 22114	10	   	258.78	橙3易伤3时间2暴击1全技能	167时间2低血量敌人3随机矿47a易伤57暴击7序列升级8核9全技能
54	64311 22112	9	   	258.68	橙3易伤3时间2暴击1全技能	167时间2挖青3随机矿47a易伤57暴击7序列升级8核9全技能
55	64311 22114	10	   	258.68	橙3易伤3时间2暴击1全技能	167时间2挖青3随机矿47a易伤57暴击7序列升级8核9全技能
56	62323 61123	7	 * 	258.54	橙4易伤2时间1伤害	16时间2低血量敌人3随机矿4基地爆炸568a易伤6序列升级7核9伤害
57	62323 61223	8	   	258.54	橙4易伤2时间1伤害	16时间2低血量敌人3随机矿4基地爆炸568a易伤6序列升级7核9伤害
58	62363 61123	7	   	258.54	橙4易伤2时间1伤害	16时间2低血量敌人3随机矿4敌人爆炸568a易伤6序列升级7核9伤害
59	62363 61223	8	   	258.54	橙4易伤2时间1伤害	16时间2低血量敌人3随机矿4敌人爆炸568a易伤6序列升级7核9伤害
60	65333 61123	7	   	258.54	橙4易伤2时间1伤害	16时间2基地爆炸3随机矿4低血量敌人568a易伤6序列升级7核9伤害
61	65333 61223	8	   	258.54	橙4易伤2时间1伤害	16时间2基地爆炸3随机矿4低血量敌人568a易伤6序列升级7核9伤害
62	61323 61261	10	   	258.44	橙4易伤2时间1伤害	16时间2挖尘3随机矿4基地爆炸5689易伤6序列升级7核a伤害
63	61313 31362	10	   	258.34	橙4易伤2时间1伤害	1a时间2挖尘3随机矿4569易伤7伤害8核
64	31513 14116	3	 * 	258.12	橙3易伤3伤害2等级1卖塔	1随机矿27等级379易伤4立即金币57a伤害6核7序列升级8卖塔
65	22115 15724	3	 * 	257.71	橙5易伤2时间	127掉矿27序列升级3679a易伤4加一57时间8核
66	22614 15724	2	   	257.71	橙5易伤2时间	127掉矿27序列升级37时间4加一5679a易伤8核
67	61313 31366	9	   	257.40	橙4易伤1伤害1时间1暴击	1时间2挖尘3随机矿4569易伤7伤害8核a暴击
68	54331 12136	4	   	257.22	橙3易伤2伤害2等级2雷电1卖塔	1卖塔2a等级348易伤5赏金邻近6核7a雷电9a伤害a序列升级
69	54333 12136	4	   	257.22	橙3易伤2伤害2等级2雷电1卖塔	1卖塔2a等级348易伤5赏金塔6核7a雷电9a伤害a序列升级
70	53324 22332	1	   	257.18	橙3易伤3时间2等级1卖塔	1卖塔239易伤39序列升级4雷电5平台689时间79等级a核
71	11342 35311	1	   	256.77	橙3易伤2伤害1等级1全技能	1敌人爆炸2全技能3等级489易伤5雷电6a伤害7核
72	11435 35311	1	   	256.77	橙3易伤2伤害1等级1全技能	1敌人爆炸2全技能3a伤害4雷电5等级689易伤7核
73	11615 35311	1	   	256.77	橙3易伤2伤害1等级1全技能	1敌人爆炸2全技能3雷电4a伤害5等级689易伤7核
74	41342 35311	1	   	256.77	橙3易伤2伤害1等级1全技能	1基地爆炸2全技能3等级489易伤5雷电6a伤害7核
75	31513 14363	3	 * 	256.30	橙2易伤2伤害2时间2等级1全技能	1随机矿27等级37易伤4立即金币57伤害6核7序列升级8a时间9全技能
76	62311 42226	7	   	255.96	橙3易伤2时间1伤害2暴击	17时间2低血量敌人3随机矿467易伤57暴击7序列升级8平台9伤害a核
77	62311 42326	8	   	255.96	橙3易伤2时间1伤害2暴击	17时间2低血量敌人3随机矿467易伤57暴击7序列升级8平台9伤害a核
78	62313 42226	7	   	255.96	橙3易伤2时间1伤害2暴击	17时间2低血量敌人3随机矿457易伤67暴击7序列升级8平台9伤害a核
79	62313 42326	8	   	255.96	橙3易伤2时间1伤害2暴击	17时间2低血量敌人3随机矿457易伤67暴击7序列升级8平台9伤害a核
80	61311 42226	7	   	255.86	橙3易伤2时间1伤害2暴击	17时间2挖尘3随机矿467易伤57暴击7序列升级8平台9伤害a核
81	61311 42326	8	   	255.86	橙3易伤2时间1伤害2暴击	17时间2挖尘3随机矿467易伤57暴击7序列升级8平台9伤害a核
82	61313 42226	7	   	255.86	橙3易伤2时间1伤害2暴击	17时间2挖尘3随机矿457易伤67暴击7序列升级8平台9伤害a核
83	61313 42326	8	   	255.86	橙3易伤2时间1伤害2暴击	17时间2挖尘3随机矿457易伤67暴击7序列升级8平台9伤害a核
84	64311 22261	10	 * 	255.26	橙3易伤3时间3暴击	167时间2挖青3随机矿47a易伤57a暴击7a序列升级8a金币生成9核
85	54332 13413	10	   	255.18	橙3易伤1伤害1等级1时间1全技能1卖塔	1卖塔2等级348易伤5伤害6雷电7时间9全技能a核
86	61311 22113	9	   	255.16	橙3易伤3时间3暴击	167时间2a挖尘3随机矿47a易伤57a暴击7a序列升级8核9双倍矿
87	61113 42153	7	   	255.06	橙3易伤3时间3暴击	178时间27a挖尘3策反45a易伤67a暴击7a序列升级9核
88	61111 42153	7	   	255.06	橙3易伤3时间3暴击	178时间27a挖尘3策反46a易伤57a暴击7a序列升级9核
89	61311 22153	9	   	255.06	橙3易伤3时间3暴击	167时间29a挖尘3随机矿47a易伤57a暴击7a序列升级8核
90	62511 42133	5	   	255.02	橙3易伤3时间2雷电1攻速	14a时间2低血量敌人38a易伤5敌人爆炸6核7攻速9a雷电a序列升级
91	22216 13313	8	   	254.95	橙3易伤2伤害1等级1时间	128掉矿28序列升级3金币生成48伤害568易伤7核9时间a等级
92	61313 31321	10	   	254.95	橙3易伤2伤害1等级1时间	1时间2挖尘3随机矿456易伤7a伤害8核9等级
93	61523 31321	10	   	254.95	橙3易伤2伤害1等级1时间	1时间2挖尘356易伤4金币生成7a伤害8核9等级
94	61511 42133	4	   	254.92	橙3易伤3时间2雷电1攻速	14a时间2挖尘38a易伤5低血量敌人6核7攻速9a雷电a序列升级
95	62313 34324	5	   	254.86	橙4易伤1伤害1时间1攻速	1时间2低血量敌人3随机矿457a易伤6核8攻速9伤害
96	61533 31321	10	   	254.85	橙3易伤2伤害1时间1等级	1时间2挖尘356易伤4掉矿7a伤害8核9等级
97	61313 31364	8	   	254.76	橙4易伤1伤害1时间1攻速	1时间2挖尘3随机矿456a易伤7伤害8核9攻速
98	11513 33458	10	   	254.62	橙4易伤2时间1等级	19敌人爆炸2挖尘3789易伤49时间5加一6核9序列升级a等级
99	61323 61243	9	   	254.62	橙4易伤2时间1等级	16时间2挖尘3随机矿4基地爆炸568a易伤6序列升级7核9等级
100	61323 61262	10	   	254.62	橙4易伤2时间1等级	16时间2挖尘3随机矿4基地爆炸5689易伤6序列升级7核a等级
101	61113 34353	9	   	254.52	橙4易伤2时间1等级	19时间2挖尘3策反456a易伤7等级8核
102	61313 34353	9	   	254.52	橙4易伤2时间1等级	19时间2挖尘3随机矿456a易伤7等级8核
103	41263 35311	1	   	253.76	橙3易伤2时间1伤害1全技能	1基地爆炸2全技能34时间5雷电689易伤7核a伤害
104	61363 35311	1	   	253.76	橙3易伤2时间1伤害1全技能	14时间2全技能3基地爆炸5雷电689易伤7核a伤害
105	31513 14421	3	   	253.72	橙3易伤2伤害2等级1攻速	1随机矿27等级379易伤48立即金币57伤害6核7序列升级a攻速
106	31513 14511	3	   	253.72	橙3易伤2伤害2等级1攻速	1随机矿27等级378易伤49立即金币57伤害6核7序列升级a攻速
107	31513 14113	3	   	253.47	橙3易伤2伤害2等级1攻速1卖塔	1随机矿27等级379易伤4立即金币57伤害6核7序列升级8卖塔a攻速
108	61313 31353	9	   	253.41	橙4易伤1伤害1时间1全技能	1时间2挖尘3随机矿456a易伤7伤害8核9全技能
109	22216 13355	8	   	253.40	橙4易伤2伤害	128掉矿28序列升级3金币生成48伤害568a易伤7核9雷电
110	32111 17814	1	   	253.38	橙3易伤2伤害2时间	1随机矿25a易伤3立即金币4加一5a序列升级6核7a时间8a伤害9赏金邻近
111	32114 17814	1	   	253.38	橙3易伤2伤害2时间	1随机矿25a易伤3立即金币4加一6核7a时间8a伤害9赏金邻近a序列升级
112	33511 17814	3	   	253.38	橙3易伤2伤害2时间	1随机矿2立即金币35a易伤4加一5a序列升级6核7a时间8a伤害9赏金邻近
113	33514 17814	3	   	253.38	橙3易伤2伤害2时间	1随机矿2立即金币35a易伤4加一6核7a时间8a伤害9赏金邻近a序列升级
114	63438 31332	3	   	253.32	橙2易伤3时间1伤害1等级2雷电	189时间2立即金币39雷电4加一5等级6伤害79易伤9序列升级a核
115	22216 13316	8	   	253.28	橙3易伤2伤害2时间	128掉矿28序列升级3金币生成48伤害568易伤7核9a时间
116	62311 22162	10	   	253.28	橙2易伤3时间1伤害2暴击1攻速	167时间2低血量敌人3随机矿47易伤57暴击7序列升级8核9伤害a攻速
117	65311 22122	10	   	253.28	橙2易伤3时间1伤害2暴击1攻速	167时间2基地爆炸3随机矿47易伤57暴击7序列升级8核9伤害a攻速
118	33521 35432	3	   	253.26	橙3易伤3伤害2雷电	1随机矿2立即金币359易伤49雷电689伤害7额外掉落9序列升级a核
119	32121 35432	1	   	253.26	橙3易伤3伤害2雷电	1随机矿259易伤3立即金币49雷电689伤害7额外掉落9序列升级a核
120	61313 51263	9	   	253.23	橙4易伤2时间2雷电	1a时间2挖尘3随机矿458a易伤6挖青7核9a雷电a序列升级
121	61313 65123	8	   	253.23	橙4易伤2时间2雷电	1a时间2挖尘3随机矿459a易伤6a雷电7核8挖青a序列升级
122	61311 22122	10	   	253.18	橙2易伤3时间1伤害2暴击1攻速	167时间2挖尘3随机矿47易伤57暴击7序列升级8核9伤害a攻速
123	64311 22162	10	   	253.18	橙2易伤3时间1伤害2暴击1攻速	167时间2挖青3随机矿47易伤57暴击7序列升级8核9伤害a攻速
124	53531 13362	1	   	253.14	橙3易伤2伤害2时间1卖塔	1卖塔29a易伤3a伤害4最后敌人5双倍物品6挖尘7核8a时间a序列升级
125	22216 13311	8	   	252.35	橙3易伤2伤害1时间1暴击	128掉矿28序列升级3金币生成48伤害568易伤7核9时间a暴击
126	23513 34326	5	   	252.35	橙3易伤2伤害1时间1暴击	1掉矿2基地爆炸3时间457易伤6核89伤害a暴击
127	61313 31326	8	   	252.35	橙3易伤2伤害1时间1暴击	1时间2挖尘3随机矿456易伤79伤害8核a暴击
128	61533 31326	8	   	252.25	橙3易伤2伤害1时间1暴击	1时间2挖尘356易伤4掉矿79伤害8核a暴击
129	62311 42326	9	   	252.15	橙3易伤2时间2暴击1等级	17时间2低血量敌人3随机矿467易伤57暴击7序列升级8平台9等级a核
130	62313 42326	9	   	252.15	橙3易伤2时间2暴击1等级	17时间2低血量敌人3随机矿457易伤67暴击7序列升级8平台9等级a核
131	61142 31423	8	   	252.15	橙3易伤2时间1伤害1等级	18时间2挖尘38策反4等级5金币生成68a易伤7核8序列升级9伤害
132	31513 14111	3	   	252.13	橙3易伤2伤害2等级1全技能1卖塔	1随机矿27等级379易伤4立即金币57伤害6核7序列升级8卖塔a全技能
133	61311 42326	9	   	252.05	橙3易伤2时间2暴击1等级	17时间2挖尘3随机矿467易伤57暴击7序列升级8平台9等级a核
134	61313 42326	9	   	252.05	橙3易伤2时间2暴击1等级	17时间2挖尘3随机矿457易伤67暴击7序列升级8平台9等级a核
135	61332 31443	9	   	252.05	橙3易伤2时间1伤害1等级	18时间28挖尘3随机矿4伤害5金币生成68a易伤7核8序列升级9等级
136	61335 31432	9	   	252.05	橙3易伤2时间1伤害1等级	18时间28挖尘3随机矿4伤害5等级68a易伤7核8序列升级9额外掉落
137	61342 31423	8	   	252.05	橙3易伤2时间1伤害1等级	18时间28挖尘3随机矿4等级5金币生成68a易伤7核8序列升级9伤害
138	11513 33457	9	   	252.02	橙4易伤2时间1暴击	19敌人爆炸2挖尘3789易伤49时间5加一6核9序列升级a暴击
139	61215 31123	7	   	251.95	橙3易伤2时间1伤害1等级	14时间2挖尘3基地爆炸5等级68a易伤7核9伤害
140	61215 31223	8	   	251.95	橙3易伤2时间1伤害1等级	14时间2挖尘3基地爆炸5等级68a易伤7核9伤害
141	61215 31263	9	   	251.95	橙3易伤2时间1伤害1等级	14时间2挖尘3基地爆炸5等级68a易伤7核9伤害
142	61515 31123	5	   	251.95	橙3易伤2时间1伤害1等级	14时间2挖尘38a易伤5等级6核7敌人爆炸9伤害
143	61515 31313	9	   	251.95	橙3易伤2时间1伤害1等级	14时间2挖尘36a易伤5等级7伤害8核9平台
144	62532 34311	3	   	251.95	橙3易伤2时间1伤害1等级	15时间2低血量敌人37a易伤4等级6核8伤害9赏金邻近
145	62632 34311	2	   	251.95	橙3易伤2时间1伤害1等级	15时间2低血量敌人37a易伤4等级6核8伤害9赏金邻近
146	61313 31326	10	   	251.95	橙3易伤2时间1伤害1等级	1a时间2挖尘3随机矿456易伤7伤害8核9等级
147	61335 31214	9	   	251.95	橙3易伤2时间1伤害1等级	19时间2挖尘3随机矿4伤害5等级68a易伤7核
148	61523 31321	9	   	251.95	橙3易伤2时间1伤害1等级	1a时间2挖尘356易伤4金币生成7伤害8核9等级
149	61523 31326	10	   	251.95	橙3易伤2时间1伤害1等级	1a时间2挖尘356易伤4金币生成7伤害8核9等级
150	61523 34321	8	   	251.95	橙3易伤2时间1伤害1等级	1a时间2挖尘356易伤4金币生成7等级8核9伤害
151	61512 31324	9	   	251.95	橙3易伤2时间1伤害1等级	14时间2挖尘36a易伤5金币生成7伤害8核9等级
152	62311 22163	9	   	251.94	橙2易伤3时间1伤害2暴击1全技能	167时间2低血量敌人3随机矿47易伤57暴击7序列升级8核9伤害a全技能
153	65311 22123	9	   	251.94	橙2易伤3时间1伤害2暴击1全技能	167时间2基地爆炸3随机矿47易伤57暴击7序列升级8核9伤害a全技能
154	61515 31311	8	   	251.85	橙3易伤2时间1伤害1等级	14时间2挖尘36a易伤5等级7伤害8核9赏金邻近
155	61533 31321	9	   	251.85	橙3易伤2时间1伤害1等级	1a时间2挖尘356易伤4掉矿7伤害8核9等级
156	61533 31326	10	   	251.85	橙3易伤2时间1伤害1等级	1a时间2挖尘356易伤4掉矿7伤害8核9等级
157	61533 34321	8	   	251.85	橙3易伤2时间1伤害1等级	1a时间2挖尘356易伤4掉矿7等级8核9伤害
158	61311 22123	9	   	251.84	橙2易伤3时间1伤害2暴击1全技能	167时间2挖尘3随机矿47易伤57暴击7序列升级8核9伤害a全技能
159	64311 22163	9	   	251.84	橙2易伤3时间1伤害2暴击1全技能	167时间2挖青3随机矿47易伤57暴击7序列升级8核9伤害a全技能
160	33552 36121	8	   	251.80	橙4易伤3时间	1随机矿2立即金币379a易伤457时间67矿等7序列升级8核
161	54331 11423	4	   	251.70	橙3易伤2时间1伤害1等级1卖塔	1卖塔2等级349易伤5赏金邻近6核7伤害8a时间
162	54333 11423	4	   	251.70	橙3易伤2时间1伤害1等级1卖塔	1卖塔2等级349易伤5赏金塔6核7伤害8a时间
163	33531 14621	3	   	251.70	橙4易伤3时间	1随机矿2立即金币359a易伤457时间5序列升级6策反8核
164	62323 61214	9	   	251.70	橙4易伤3时间	169时间2低血量敌人3随机矿4基地爆炸568a易伤6序列升级7核
165	32131 14621	1	   	251.70	橙4易伤3时间	1随机矿259a易伤3立即金币457时间5序列升级6策反8核
166	11513 33453	10	   	251.60	橙4易伤3时间	19敌人爆炸2挖尘3789易伤49a时间5加一6核9序列升级
167	33552 16121	8	   	251.60	橙4易伤3时间	1随机矿2立即金币379a易伤457时间67掉矿7序列升级8核
168	61323 61214	9	   	251.60	橙4易伤3时间	169时间2挖尘3随机矿4基地爆炸568a易伤6序列升级7核
169	62335 31431	8	   	251.23	橙2易伤2伤害2时间1等级	18时间28低血量敌人3随机矿4a伤害5等级68易伤7核8序列升级9雷电
170	61335 31431	8	   	251.03	橙2易伤2伤害2时间1等级	18时间28挖尘3随机矿4a伤害5等级68易伤7核8序列升级9雷电
171	61313 31324	10	   	251.01	橙3易伤1伤害1等级1时间1暴击	1时间2挖尘3随机矿456易伤7伤害8核9等级a暴击
172	61523 31324	10	   	251.01	橙3易伤1伤害1时间1等级1暴击	1时间2挖尘356易伤4金币生成7伤害8核9等级a暴击
173	61533 31324	10	   	250.91	橙3易伤1伤害1时间1等级1暴击	1时间2挖尘356易伤4掉矿7伤害8核9等级a暴击
174	54332 63123	9	   	250.87	橙3易伤1伤害1等级1时间1暴击1卖塔	1卖塔2等级349易伤5伤害6时间7暴击8额外掉落a核
175	62432 23523	6	   	250.85	橙3易伤2时间1伤害2雷电	18时间2低血量敌人38雷电4最后敌人5伤害6核789易伤8序列升级a金币生成
176	62432 23523	8	   	250.85	橙3易伤2时间1伤害2雷电	18时间2低血量敌人38雷电4最后敌人5伤害6核789易伤8序列升级a金币生成
177	62432 23523	7	   	250.85	橙3易伤2时间1伤害2雷电	18时间2低血量敌人38雷电4最后敌人5伤害6核789易伤8序列升级a金币生成
178	61432 23523	9	   	250.75	橙3易伤2时间1伤害2雷电	18时间2挖尘38雷电4最后敌人5伤害6核78a易伤8序列升级9基地爆炸
179	61432 23523	6	   	250.75	橙3易伤2时间1伤害2雷电	18时间2挖尘38雷电4a最后敌人5伤害6核789易伤8序列升级
180	61432 23523	7	   	250.75	橙3易伤2时间1伤害2雷电	18时间2挖尘38雷电4a最后敌人5伤害6核789易伤8序列升级
181	61432 23523	8	   	250.75	橙3易伤2时间1伤害2雷电	18时间2挖尘38雷电4a最后敌人5伤害6核789易伤8序列升级
182	33552 26132	10	 * 	250.58	橙2易伤3时间2等级1伤害	1随机矿2立即金币37易伤457时间67等级7序列升级8核9雷电a伤害
183	62311 22164	9	   	250.58	橙2易伤3时间1伤害2暴击	167时间2低血量敌人3随机矿47易伤57暴击7序列升级8核9伤害a雷电
184	65311 22124	9	   	250.58	橙2易伤3时间2暴击1伤害	167时间2基地爆炸3随机矿47易伤57暴击7序列升级8核9伤害a雷电
185	61311 22124	9	   	250.48	橙2易伤3时间2暴击1伤害	167时间2挖尘3随机矿47易伤57暴击7序列升级8核9伤害a雷电
186	11342 25311	1	   	250.18	橙3易伤1伤害1等级1攻速1全技能	1敌人爆炸2全技能3等级489易伤5雷电6攻速7核a伤害
187	41342 25311	1	   	250.18	橙3易伤1伤害1等级1攻速1全技能	1基地爆炸2全技能3等级489易伤5雷电6攻速7核a伤害
188	12512 42133	4	   	249.85	橙4易伤1时间2雷电1攻速	1a敌人爆炸2低血量敌人358a易伤4时间6核7攻速9a雷电a序列升级
189	12516 42133	5	   	249.85	橙4易伤1时间2雷电1攻速	1a敌人爆炸2低血量敌人358a易伤4时间6核7攻速9a雷电a序列升级
190	42512 42133	4	   	249.85	橙4易伤1时间2雷电1攻速	1a基地爆炸2低血量敌人358a易伤4时间6核7攻速9a雷电a序列升级
191	22216 13314	8	   	249.70	橙3易伤2伤害1时间1攻速	128掉矿28序列升级3金币生成48伤害568易伤7核9时间a攻速
192	23513 35422	5	   	249.60	橙4易伤1等级1时间1全技能	1掉矿2基地爆炸3时间459a易伤6核7全技能8等级
193	64521 22121	10	 * 	249.57	橙2易伤3时间3暴击2攻速	167时间2挖青3a易伤47金币生成57a暴击7a序列升级8核9a攻速
194	62323 61126	7	   	249.55	橙3易伤2时间1伤害1暴击	16时间2低血量敌人3随机矿4基地爆炸568易伤6序列升级7核9伤害a暴击
195	62323 61226	8	   	249.55	橙3易伤2时间1伤害1暴击	16时间2低血量敌人3随机矿4基地爆炸568易伤6序列升级7核9伤害a暴击
196	61323 61126	7	   	249.45	橙3易伤2时间1伤害1暴击	16时间2挖尘3随机矿4基地爆炸568易伤6序列升级7核9伤害a暴击
197	61323 61226	8	   	249.45	橙3易伤2时间1伤害1暴击	16时间2挖尘3随机矿4基地爆炸568易伤6序列升级7核9伤害a暴击
198	64531 22121	10	   	249.37	橙2易伤3时间3暴击2攻速	167时间2挖青3a易伤47掉矿57a暴击7a序列升级8核9a攻速
199	23513 51423	8	   	249.35	橙3易伤2时间1伤害1暴击	18掉矿2基地爆炸38时间458易伤6挖青7核8序列升级9伤害a暴击
200	33552 26123	8	   	249.12	橙3易伤3时间2等级	1随机矿2立即金币379易伤457时间67等级7序列升级8核a矿等
201	62311 22226	8	   	249.12	橙3易伤3时间2暴击	167时间2低血量敌人3随机矿479易伤57暴击7序列升级8金币生成a核
202	62311 22516	8	   	249.12	橙3易伤3时间2暴击	167时间2低血量敌人3随机矿47a易伤57暴击7序列升级8矿等9核
203	62311 22526	8	   	249.12	橙3易伤3时间2暴击	167时间2低血量敌人3随机矿479易伤57暴击7序列升级8矿等a核
204	65311 22112	10	   	249.12	橙3易伤3时间2暴击	167时间2基地爆炸3随机矿47a易伤57暴击7序列升级8核9双倍矿
205	65311 22134	9	   	249.12	橙3易伤3时间2暴击	167时间2基地爆炸3随机矿47a易伤57暴击7序列升级8核9最后敌人
206	65311 22226	8	   	249.12	橙3易伤3时间2暴击	167时间2基地爆炸3随机矿479易伤57暴击7序列升级8金币生成a核
207	65311 22326	7	   	249.12	橙3易伤3时间2暴击	167时间2基地爆炸3随机矿479易伤57暴击7序列升级8金币生成a核
208	32131 14624	1	   	249.12	橙3易伤3时间1伤害	1随机矿259易伤3立即金币457时间5序列升级6策反8核a伤害
209	61332 31414	9	   	249.02	橙3易伤3时间1伤害	189时间28挖尘3随机矿4伤害5金币生成68a易伤7核8序列升级
210	62613 16331	1	   	249.02	橙3易伤3时间1伤害	178时间2敌人爆炸346易伤5伤害9核a金币生成
211	62613 16332	1	   	249.02	橙3易伤3时间1伤害	178时间2敌人爆炸346易伤5伤害9核a额外掉落
212	33552 26122	8	   	249.02	橙3易伤3时间2等级	1随机矿2立即金币379易伤457时间67等级7序列升级8核a赏金塔
213	61212 31423	10	   	249.02	橙3易伤3时间1伤害	148时间28挖尘3基地爆炸5金币生成68a易伤7核8序列升级9伤害
214	61311 22112	10	   	249.02	橙3易伤3时间2暴击	167时间2挖尘3随机矿47a易伤57暴击7序列升级8核9双倍矿
215	61311 22134	9	   	249.02	橙3易伤3时间2暴击	167时间2挖尘3随机矿47a易伤57暴击7序列升级8核9最后敌人
216	61311 22226	8	   	249.02	橙3易伤3时间2暴击	167时间2挖尘3随机矿479易伤57暴击7序列升级8金币生成a核
217	61311 22326	7	   	249.02	橙3易伤3时间2暴击	167时间2挖尘3随机矿479易伤57暴击7序列升级8金币生成a核
218	62311 22154	9	   	249.02	橙3易伤3时间2暴击	167时间2低血量敌人3随机矿47a易伤57暴击7序列升级8核9挖尘
219	64311 22226	8	   	249.02	橙3易伤3时间2暴击	167时间2挖青3随机矿479易伤57暴击7序列升级8金币生成a核
220	61523 31352	10	   	248.92	橙3易伤3时间1伤害	19a时间2挖尘356易伤4金币生成7伤害8核
221	62613 16333	1	   	248.92	橙3易伤3时间1伤害	178时间2敌人爆炸346易伤5伤害9核a赏金邻近
222	61311 22152	10	   	248.92	橙3易伤3时间2暴击	167时间29挖尘3随机矿47a易伤57暴击7序列升级8核
223	31123 14333	3	   	248.46	橙3易伤1伤害1等级1时间1攻速	1随机矿2等级3基地爆炸4时间5伤害67a易伤8攻速9核
224	31143 24333	3	   	248.46	橙3易伤1伤害1等级1时间1攻速	1随机矿2等级3基地爆炸47a易伤5伤害6时间8攻速9核
225	31223 14333	3	   	248.46	橙3易伤1伤害1等级1时间1攻速	1随机矿2等级3敌人爆炸4时间5伤害67a易伤8攻速9核
226	31243 24333	3	   	248.46	橙3易伤1伤害1等级1时间1攻速	1随机矿2等级3敌人爆炸47a易伤5伤害6时间8攻速9核
227	31523 12633	3	   	248.46	橙3易伤1伤害1等级1时间1攻速	1随机矿2等级36a易伤4时间5伤害7攻速8敌人爆炸9核
228	31143 12133	3	   	248.46	橙3易伤1伤害1等级1时间1攻速	1随机矿2等级3基地爆炸46a易伤5伤害7攻速8时间9核
229	31243 12133	3	   	248.46	橙3易伤1伤害1等级1时间1攻速	1随机矿2等级3敌人爆炸46a易伤5伤害7攻速8时间9核
230	31513 12133	4	   	248.46	橙3易伤1伤害1等级1时间1攻速	1随机矿2等级36a易伤4基地爆炸5伤害7攻速8时间9核
231	31522 34324	5	   	248.46	橙3易伤1伤害1等级1时间1攻速	1随机矿2等级37a易伤4金币生成5时间6核8攻速9伤害
232	31523 54333	3	   	248.46	橙3易伤1伤害1等级1时间1攻速	1随机矿2等级37a易伤4时间5伤害6敌人爆炸8攻速9核
233	31563 12133	4	   	248.46	橙3易伤1伤害1等级1时间1攻速	1随机矿2等级36a易伤4敌人爆炸5伤害7攻速8时间9核
234	31513 24333	4	   	248.46	橙3易伤1伤害1等级1时间1攻速	1随机矿2等级37a易伤4基地爆炸5伤害6时间8攻速9核
235	31563 24333	4	   	248.46	橙3易伤1伤害1等级1时间1攻速	1随机矿2等级37a易伤4敌人爆炸5伤害6时间8攻速9核
236	31123 14333	2	   	248.36	橙3易伤1伤害1等级1时间1攻速	1随机矿2等级3挖尘4时间5伤害67a易伤8攻速9核
237	31143 24333	2	   	248.36	橙3易伤1伤害1等级1时间1攻速	1随机矿2等级3挖尘47a易伤5伤害6时间8攻速9核
238	31523 11333	3	   	248.36	橙3易伤1伤害1等级1时间1攻速	1随机矿2等级36a易伤4时间5伤害7挖尘8攻速9核
239	35123 14333	1	   	248.36	橙3易伤1伤害1等级1时间1攻速	1随机矿2等级3挖尘4时间5伤害67a易伤8攻速9核
240	35143 24333	1	   	248.36	橙3易伤1伤害1等级1时间1攻速	1随机矿2等级3挖尘47a易伤5伤害6时间8攻速9核
241	61335 14333	5	   	248.36	橙3易伤1伤害1等级1时间1攻速	1时间2挖尘3随机矿4伤害5等级67a易伤8攻速9核
242	61335 34333	6	   	248.36	橙3易伤1伤害1等级1时间1攻速	1时间2挖尘3随机矿4伤害5等级67a易伤8攻速9核
243	61343 14333	4	   	248.36	橙3易伤1伤害1等级1时间1攻速	1时间2挖尘3随机矿4等级5伤害67a易伤8攻速9核
244	61353 14333	3	   	248.36	橙3易伤1伤害1等级1时间1攻速	1时间2挖尘3随机矿4等级5伤害67a易伤8攻速9核
245	31143 13333	2	   	248.36	橙3易伤1伤害1等级1时间1攻速	1随机矿2等级3挖尘46a易伤5伤害7时间8攻速9核
246	31532 34324	5	   	248.36	橙3易伤1伤害1等级1时间1攻速	1随机矿2等级37a易伤4掉矿5时间6核8攻速9伤害
247	35143 13333	1	   	248.36	橙3易伤1伤害1等级1时间1攻速	1随机矿2等级3挖尘46a易伤5伤害7时间8攻速9核
248	61313 31325	10	   	248.36	橙3易伤1伤害1等级1时间1攻速	1时间2挖尘3随机矿456易伤7伤害8核9等级a攻速
249	61523 31325	10	   	248.36	橙3易伤1伤害1等级1时间1攻速	1时间2挖尘356易伤4金币生成7伤害8核9等级a攻速
250	61333 36123	4	   	248.36	橙3易伤2伤害1时间1全技能	1时间2挖尘3随机矿45伤害6核7全技能89a易伤
251	61533 31325	10	   	248.26	橙3易伤1伤害1时间1等级1攻速	1时间2挖尘356易伤4掉矿7伤害8核9等级a攻速
252	62313 34422	5	   	248.23	橙4易伤2时间1全技能	1a时间2a低血量敌人3随机矿457a易伤6核8全技能9平台a序列升级
253	62316 42123	8	   	248.12	橙2易伤3时间2暴击1等级1全技能	157时间2低血量敌人3随机矿47易伤67暴击7序列升级8核9等级a全技能
254	62311 22123	8	   	248.12	橙2易伤3时间2暴击1等级1全技能	167时间2低血量敌人3随机矿47易伤57暴击7序列升级8核9等级a全技能
255	65311 22123	8	   	248.12	橙2易伤3时间2暴击1等级1全技能	167时间2基地爆炸3随机矿47易伤57暴击7序列升级8核9等级a全技能
256	12531 42422	8	   	248.06	橙3易伤3伤害1全技能	1a敌人爆炸2低血量敌人36a易伤4全技能57a伤害8平台9核a序列升级
257	61323 61261	9	   	248.03	橙4易伤2时间1全技能	16时间2挖尘3随机矿4基地爆炸5689易伤6序列升级7核a全技能
258	61335 31413	10	   	248.02	橙2易伤3时间1伤害1等级1全技能	189时间28挖尘3随机矿4伤害5等级68易伤7核8序列升级a全技能
259	61311 22123	8	   	248.02	橙2易伤3时间2暴击1等级1全技能	167时间2挖尘3随机矿47易伤57暴击7序列升级8核9等级a全技能
260	64311 22123	8	   	248.02	橙2易伤3时间2暴击1等级1全技能	167时间2挖青3随机矿47易伤57暴击7序列升级8核9等级a全技能
261	32426 26332	1	   	248.02	橙2易伤3时间2攻速1等级	1随机矿29易伤3策反489时间5雷电6等级79攻速9序列升级a核
262	22115 15723	3	   	247.83	橙4易伤2时间1全技能	127掉矿27序列升级3679易伤4加一57时间8核a全技能
263	22614 15723	2	   	247.83	橙4易伤2时间1全技能	127掉矿27序列升级37时间4加一5679易伤8核a全技能
264	61332 31643	9	 * 	247.79	橙2易伤2伤害2时间2攻速	19时间2挖尘3随机矿49伤害5金币生成6a易伤7核89攻速9序列升级
265	53116 14321	5	   	247.16	橙3易伤2伤害1暴击1攻速1卖塔	1卖塔278金币生成3暴击47伤害579易伤6核7序列升级a攻速
266	12512 43131	4	   	247.11	橙3易伤2伤害1时间	1敌人爆炸2低血量敌人358易伤4时间6核7a伤害9雷电
267	12516 43131	5	   	247.11	橙3易伤2伤害1时间	1敌人爆炸2低血量敌人358易伤4时间6核7a伤害9雷电
268	42512 43131	4	   	247.11	橙3易伤2伤害1时间	1基地爆炸2低血量敌人358易伤4时间6核7a伤害9雷电
269	62522 43131	3	   	247.11	橙3易伤2伤害1时间	1时间2低血量敌人358易伤4最后敌人6核7a伤害9雷电
270	62611 43131	1	   	247.11	橙3易伤2伤害1时间	1时间2敌人爆炸348易伤5低血量敌人6核7a伤害9雷电
271	62612 43131	3	   	247.11	橙3易伤2伤害1时间	1时间2低血量敌人3最后敌人458易伤6核7a伤害9雷电
272	62622 43131	2	   	247.11	橙3易伤2伤害1时间	1时间2低血量敌人358易伤4最后敌人6核7a伤害9雷电
273	53116 14212	5	   	247.06	橙3易伤2伤害1暴击1攻速1卖塔	1卖塔27金币生成3暴击47伤害57a易伤6核7序列升级8攻速9赏金塔
274	53116 14222	5	   	247.06	橙3易伤2伤害1暴击1攻速1卖塔	1卖塔27金币生成3暴击47伤害57a易伤6核7序列升级8攻速9赏金邻近
275	61113 34321	8	   	247.02	橙3易伤1伤害1等级1时间1全技能	1时间2挖尘3策反456易伤7等级8核9伤害a全技能
276	61313 31321	9	   	247.02	橙3易伤1伤害1等级1时间1全技能	1时间2挖尘3随机矿456易伤7伤害8核9等级a全技能
277	61313 34321	8	   	247.02	橙3易伤1伤害1等级1时间1全技能	1时间2挖尘3随机矿456易伤7等级8核9伤害a全技能
278	22216 13312	8	   	247.01	橙3易伤2伤害1时间	128掉矿28序列升级3金币生成48伤害568易伤7核9时间a雷电
279	61511 43131	3	   	247.01	橙3易伤2伤害1时间	1时间2挖尘348易伤5低血量敌人6核7a伤害9雷电
280	61611 43131	2	   	247.01	橙3易伤2伤害1时间	1时间2挖尘348易伤5低血量敌人6核7a伤害9雷电
281	62511 43131	3	   	247.01	橙3易伤2伤害1时间	1时间2低血量敌人348易伤5挖青6核7a伤害9雷电
282	62611 43131	2	   	247.01	橙3易伤2伤害1时间	1时间2低血量敌人348易伤5挖青6核7a伤害9雷电
283	41263 35312	1	   	246.93	橙3易伤3时间1全技能	1基地爆炸2全技能34a时间5雷电689易伤7核
284	61363 35312	1	   	246.93	橙3易伤3时间1全技能	14a时间2全技能3基地爆炸5雷电689易伤7核
285	61261 38442	9	   	246.80	橙3易伤2时间1伤害1攻速	19时间2挖尘39基地爆炸4攻速5加一6伤害7核89a易伤9序列升级
286	62313 34321	5	   	246.80	橙3易伤2时间1伤害1攻速	1a时间2低血量敌人3随机矿457易伤6核8攻速9伤害
287	62312 34324	4	   	246.80	橙3易伤2时间1伤害1攻速	15时间2低血量敌人3随机矿47a易伤6核8攻速9伤害
288	62311 22124	8	   	246.77	橙2易伤3时间2暴击1等级	167时间2低血量敌人3随机矿47易伤57暴击7序列升级8核9等级a雷电
289	65311 22124	8	   	246.77	橙2易伤3时间2暴击1等级	167时间2基地爆炸3随机矿47易伤57暴击7序列升级8核9等级a雷电
290	64313 34321	5	   	246.70	橙3易伤2时间1伤害1攻速	1a时间2挖青3随机矿457易伤6核8攻速9伤害
291	61311 22124	8	   	246.67	橙2易伤3时间2暴击1等级	167时间2挖尘3随机矿47易伤57暴击7序列升级8核9等级a雷电
292	64311 22124	8	   	246.67	橙2易伤3时间2暴击1等级	167时间2挖青3随机矿47易伤57暴击7序列升级8核9等级a雷电
293	31513 14321	3	   	246.64	橙2易伤2伤害2时间2等级	1随机矿27等级37易伤4立即金币57伤害6核7序列升级8a时间9最后敌人
294	31513 14331	3	   	246.64	橙2易伤2伤害2时间2等级	1随机矿27等级37易伤4立即金币57伤害6核7序列升级8a时间9低血量敌人
295	62335 31421	10	   	246.64	橙2易伤2伤害2时间2等级	18时间28低血量敌人3随机矿4a伤害59等级68易伤7核8序列升级
296	11342 25312	1	   	246.37	橙3易伤1等级1时间1攻速1全技能	1敌人爆炸2全技能3等级489易伤5雷电6攻速7核a时间
297	41342 25312	1	   	246.37	橙3易伤1等级1时间1攻速1全技能	1基地爆炸2全技能3等级489易伤5雷电6攻速7核a时间
