0	Index      	Bounty	 *	Score 	Summary	Detail	
1	55122 31711	1	 * 	273.35	橙3易伤2伤害2时间2暴击	17暴击2a伤害3赏金邻近4加一579易伤67时间7序列升级8核
2	53333 14233	8	 * 	271.31	橙3易伤3时间3暴击1等级	158暴击268时间378易伤4挖青8序列升级9核a等级
3	11131 46125	4	 * 	270.91	橙4易伤3伤害1全技能	1789低血量敌人2加一3平台4全技能5789易伤678伤害789序列升级a核
4	62243 51132	10	   	270.71	橙4易伤3伤害1全技能	16a策反27a伤害349a易伤5全技能8核a序列升级
5	44611 12312	8	   	267.35	橙4易伤2伤害1暴击	12a金币生成358a易伤4雷电6核7暴击9a伤害a序列升级
6	44611 12322	9	   	267.35	橙4易伤2伤害1暴击	12a金币生成358a易伤4雷电6核7暴击9a伤害a序列升级
7	53333 14215	10	   	266.07	橙3易伤3时间3暴击1攻速	158暴击268时间378易伤4挖青8序列升级9攻速a核
8	53333 14235	8	   	266.07	橙3易伤3时间3暴击1攻速	158暴击268时间378易伤4挖青8序列升级9核a攻速
9	41351 13124	8	 * 	265.39	橙5易伤1时间1暴击	15金币生成2时间3雷电45789易伤5序列升级6核a暴击
10	62211 62312	9	   	264.71	橙3易伤2伤害1等级1时间1全技能	1策反2a伤害368易伤4全技能5时间7核9等级
11	22365 22263	5	 * 	264.17	橙3易伤2时间2等级1伤害	1最后敌人26等级3雷电4伤害569易伤6序列升级7a时间8核
12	55122 31714	1	   	264.07	橙3易伤2时间1伤害2暴击	17暴击2伤害3赏金邻近4加一579易伤67时间7序列升级8核a雷电
13	61313 65112	4	 * 	264.06	橙2易伤3伤害3时间	178策反278时间3雷电4低血量敌人578伤害6核78序列升级9a易伤
14	53533 16332	9	   	263.98	橙3易伤3时间2暴击2雷电	18暴击257时间3双倍矿489易伤68雷电8序列升级a核
15	53333 14232	8	   	263.37	橙3易伤3时间3暴击	158暴击268时间378易伤4挖青8序列升级9核a雷电
16	62211 32354	10	   	263.04	橙3易伤2伤害2时间1全技能	1策反26伤害38a易伤4全技能59时间7核
17	53131 46122	2	 * 	262.57	橙3易伤3时间2等级1暴击	1暴击234时间578易伤69等级a核
18	51313 14225	7	   	262.50	橙3易伤2时间3暴击1攻速1全技能	147暴击2挖尘379易伤57时间6全技能7序列升级8攻速a核
19	53323 14253	10	 * 	262.00	橙3易伤2时间3暴击1伤害	158暴击26时间378易伤48最后敌人8序列升级9核a伤害
20	62211 62331	8	   	261.82	橙4易伤1伤害1时间1全技能	1策反2伤害3689易伤4全技能5时间7核a雷电
21	62211 62531	7	   	261.82	橙4易伤1伤害1时间1全技能	1策反2伤害3689易伤4全技能5时间7核a雷电
22	62211 62314	10	   	261.71	橙3易伤2时间1伤害1等级1全技能	1策反2伤害368易伤4全技能5a时间7核9等级
23	65211 22236	8	   	261.71	橙3易伤2时间1伤害1等级1全技能	1策反2等级389易伤4全技能56时间7核a伤害
24	62221 13522	3	 * 	261.57	橙2易伤2伤害2攻速2暴击1时间	1策反2a伤害35易伤4时间6a暴击7雷电8a攻速9核a序列升级
25	53313 12512	8	 * 	260.98	橙2易伤2伤害2时间3暴击	14a暴击25时间3a易伤6雷电7低血量敌人8核9a伤害a序列升级
26	41331 13164	10	 * 	260.33	橙4易伤2时间1暴击	1金币生成24时间3雷电578a易伤6核9暴击
27	41351 11122	8	 * 	260.01	橙4易伤3时间	15金币生成27a时间3雷电4589易伤5序列升级6核
28	41351 13622	7	   	260.01	橙4易伤3时间	15金币生成28a时间3雷电4579易伤5序列升级6核
29	13324 34433	1	   	260.00	橙4易伤1伤害1等级1时间	1低血量敌人2赏金塔359a易伤4伤害6时间7核8等级
30	23324 34433	1	   	260.00	橙4易伤1伤害1等级1时间	1最后敌人2赏金塔359a易伤4伤害6时间7核8等级
31	23324 36233	1	   	260.00	橙4易伤1伤害1等级1时间	1最后敌人2赏金塔358a易伤4伤害6时间7等级9核
32	41331 13122	8	   	259.91	橙4易伤3时间	1金币生成24a时间3雷电5789易伤6核
33	62211 22351	10	 * 	258.68	橙3易伤3时间1伤害1全技能	1策反2伤害38a易伤4全技能569时间7核
34	53335 44161	10	 * 	258.44	橙4易伤2时间2暴击	19暴击26时间3689易伤4挖青5加一69序列升级79金币生成a核
35	33121 55432	1	 * 	258.28	橙2易伤3时间1伤害2暴击1等级1卖塔	1卖塔23a时间4等级5a暴击6矿等7伤害8核9a易伤a序列升级
36	55122 11711	1	 * 	258.07	橙3易伤3伤害2暴击	17暴击27a伤害3赏金邻近4加一579易伤6挖青7序列升级8核
37	65211 62231	8	   	258.01	橙4易伤1等级1时间1全技能	1策反2等级3689易伤4全技能5时间7核a雷电
38	53313 16132	9	   	257.23	橙3易伤3时间2暴击	14暴击257时间389易伤6雷电a核
39	53353 33132	9	   	257.23	橙3易伤3时间2暴击	16暴击245时间389易伤7雷电a核
40	51311 51316	6	 * 	256.96	橙3易伤2伤害3暴击	148暴击2挖尘38a易伤5随机矿6核78伤害8序列升级9雷电
41	51311 52316	7	   	256.96	橙3易伤2伤害3暴击	148暴击2挖尘38a易伤5随机矿6核78伤害8序列升级9雷电
42	62211 32331	8	   	256.77	橙3易伤2伤害1时间1全技能	1策反26伤害389易伤4全技能5时间7核a雷电
43	62211 32531	7	   	256.77	橙3易伤2伤害1时间1全技能	1策反26伤害389易伤4全技能5时间7核a雷电
44	36622 31711	1	 * 	256.76	橙3易伤2时间2攻速1伤害1卖塔	1卖塔2赏金塔37攻速4加一579易伤67时间7序列升级8核a伤害
45	62211 62352	10	   	256.46	橙3易伤2时间1伤害1攻速1全技能	1策反2伤害368易伤4全技能59时间7核a攻速
46	62214 51132	10	   	255.84	橙3易伤3伤害2全技能	16a策反27a伤害39a易伤45全技能8核a序列升级
47	55122 31712	1	   	255.76	橙3易伤2时间1伤害2暴击	17暴击2伤害3赏金邻近4加一579易伤67时间7序列升级8核a基地爆炸
48	55122 31713	1	   	255.76	橙3易伤2时间1伤害2暴击	17暴击2伤害3赏金邻近4加一579易伤67时间7序列升级8核a金币生成
49	62211 62343	8	   	255.53	橙3易伤1伤害1时间1暴击1攻速1全技能	1策反2伤害368易伤4全技能5时间7核9暴击a攻速
50	62211 62313	10	   	255.43	橙3易伤1伤害1等级1时间1全技能	1策反2伤害368易伤4全技能5时间7核9等级a雷电
51	65211 22235	8	   	255.29	橙3易伤2时间1等级1暴击1全技能	1策反2等级389易伤4全技能56时间7核a暴击
52	53311 14612	10	   	255.16	橙3易伤3时间3暴击	147暴击267时间379易伤5随机矿7序列升级8平台a核
53	61323 22216	3	   	255.10	橙3易伤2时间1伤害1攻速	1策反27时间3雷电4伤害56a易伤8核9攻速
54	61363 22216	4	   	255.10	橙3易伤2时间1伤害1攻速	1策反27时间3雷电4伤害56a易伤8核9攻速
55	61423 22216	2	   	255.10	橙3易伤2时间1伤害1攻速	1策反27时间3雷电4伤害56a易伤8核9攻速
56	62223 22216	3	   	255.10	橙3易伤2时间1伤害1攻速	1策反2伤害36a易伤47时间5雷电8核9攻速
57	53333 14225	10	   	255.06	橙3易伤3时间3暴击	158暴击268时间378易伤4挖青8序列升级9金币生成a核
58	53333 14231	8	   	255.06	橙3易伤3时间3暴击	158暴击268时间378易伤4挖青8序列升级9核a最后敌人
59	53333 14236	8	   	255.06	橙3易伤3时间3暴击	158暴击268时间378易伤4挖青8序列升级9核a立即金币
60	53333 14234	8	   	254.96	橙3易伤3时间3暴击	158暴击268时间378易伤4挖青8序列升级9核a赏金塔
61	23324 35533	1	   	254.95	橙3易伤2伤害1等级1时间	1最后敌人2赏金塔35a易伤47伤害6时间8等级9核
62	23324 36533	1	   	254.95	橙3易伤2伤害1等级1时间	1最后敌人2赏金塔35a易伤48伤害6时间7等级9核
63	53354 21312	6	   	254.94	橙2易伤2伤害2时间2暴击	1a暴击24时间3a易伤5雷电68基地爆炸7核9a伤害a序列升级
64	53533 12512	8	   	254.94	橙2易伤2伤害2时间2暴击	1a暴击25时间3双倍矿4a易伤6雷电7低血量敌人8核9a伤害a序列升级
65	51331 32232	8	   	254.92	橙3易伤3时间3暴击1卖塔	18a暴击2挖尘38a易伤4挖青58a时间6平台7核8a序列升级9卖塔
66	62241 32132	3	   	254.85	橙4易伤2伤害1全技能	1a策反2a伤害349a易伤5赏金邻近6全技能7赏金塔8核a序列升级
67	62241 32132	4	   	254.85	橙4易伤2伤害1全技能	1a策反2a伤害349a易伤5赏金邻近6全技能7赏金塔8核a序列升级
68	62241 43132	3	   	254.85	橙4易伤2伤害1全技能	1a策反2a伤害349a易伤5赏金邻近6赏金塔7全技能8核a序列升级
69	62241 43132	4	   	254.85	橙4易伤2伤害1全技能	1a策反2a伤害349a易伤5赏金邻近6赏金塔7全技能8核a序列升级
70	62211 62351	9	   	253.76	橙3易伤2时间1伤害1全技能	1策反2伤害368易伤4全技能59时间7核a雷电
71	62211 22331	8	   	253.76	橙3易伤2时间1伤害1全技能	1策反2伤害389易伤4全技能56时间7核a雷电
72	62211 22531	7	   	253.76	橙3易伤2时间1伤害1全技能	1策反2伤害389易伤4全技能56时间7核a雷电
73	56211 53111	9	   	253.59	橙4易伤1等级1时间1暴击	1暴击2掉矿389a易伤4等级5随机矿6核7时间
74	62211 62321	8	   	253.51	橙4易伤1伤害1时间1全技能	1策反2伤害368a易伤4全技能5时间7核9最后敌人
75	62211 62333	8	   	253.51	橙4易伤1伤害1时间1全技能	1策反2伤害3689易伤4全技能5时间7核a低血量敌人
76	62211 62361	8	   	253.51	橙4易伤1伤害1时间1全技能	1策反2伤害368a易伤4全技能5时间7核9基地爆炸
77	62211 62521	7	   	253.51	橙4易伤1伤害1时间1全技能	1策反2伤害368a易伤4全技能5时间7核9最后敌人
78	62211 62533	7	   	253.51	橙4易伤1伤害1时间1全技能	1策反2伤害3689易伤4全技能5时间7核a低血量敌人
79	62212 41136	4	   	253.51	橙4易伤1伤害1时间1全技能	1策反2伤害3679易伤4全技能5低血量敌人8时间a核
80	62243 11136	6	   	253.51	橙4易伤1伤害1时间1全技能	1策反2伤害3479易伤5全技能6低血量敌人8时间a核
81	62243 12251	9	   	253.51	橙4易伤1伤害1时间1全技能	1策反2伤害348a易伤5全技能6低血量敌人7核9时间
82	62211 32312	9	   	253.46	橙2易伤3伤害1等级1时间1全技能	1策反26a伤害38易伤4全技能5时间7核9等级
83	62211 62332	8	   	253.41	橙4易伤1伤害1时间1全技能	1策反2伤害3689易伤4全技能5时间7核a赏金塔
84	62211 62335	8	   	253.41	橙4易伤1伤害1时间1全技能	1策反2伤害3689易伤4全技能5时间7核a加一
85	62211 62336	8	   	253.41	橙4易伤1伤害1时间1核弹1全技能	1策反2伤害3689易伤4全技能5时间7核a核弹
86	62211 62341	9	   	253.41	橙4易伤1伤害1时间1全技能	1策反2伤害368a易伤4全技能5时间7核9加一
87	62211 62532	7	   	253.41	橙4易伤1伤害1时间1全技能	1策反2伤害3689易伤4全技能5时间7核a赏金塔
88	63211 62336	8	   	253.41	橙4易伤1伤害1时间1核弹1全技能	1策反2核弹3689易伤4全技能5时间7核a伤害
89	41353 13122	8	   	253.23	橙4易伤2时间2雷电	1金币生成2a时间35雷电4789易伤6核
90	62211 32314	10	   	252.39	橙2易伤2伤害2时间1等级1全技能	1策反26伤害38易伤4全技能5a时间7核9等级
91	62211 22312	9	   	252.39	橙2易伤2伤害2时间1等级1全技能	1策反2a伤害38易伤4全技能56时间7核9等级
92	61323 23264	3	   	252.16	橙4易伤1伤害1时间	1策反2时间3雷电4伤害569a易伤7低血量敌人8核
93	62223 23264	3	   	252.16	橙4易伤1伤害1时间	1策反2伤害369a易伤4时间5雷电7低血量敌人8核
94	41113 23264	2	   	252.16	橙4易伤1伤害1时间	1金币生成2时间3最后敌人469a易伤5雷电7伤害8核
95	61113 23264	2	   	252.16	橙4易伤1伤害1时间	1策反2时间3最后敌人469a易伤5雷电7伤害8核
96	23325 34433	1	   	251.95	橙3易伤2时间1伤害1等级	1最后敌人2赏金塔39a易伤4伤害56时间7核8等级
97	23324 36633	1	   	251.95	橙3易伤2时间1伤害1等级	1最后敌人2赏金塔35a易伤4伤害68时间7等级9核
98	23325 36233	1	   	251.95	橙3易伤2时间1伤害1等级	1最后敌人2赏金塔38a易伤4伤害56时间7等级9核
99	53323 14341	9	   	251.95	橙3易伤2时间2暴击1等级	15暴击26时间37a易伤4最后敌人8核9等级
100	53335 44111	10	   	251.92	橙4易伤2时间1暴击	1暴击26时间3689易伤4挖青5加一6序列升级7金币生成a核
101	53333 14341	9	   	251.85	橙3易伤2时间2暴击1等级	15暴击26时间37a易伤4挖青8核9等级
102	53335 43111	10	   	251.82	橙4易伤2时间1暴击	1暴击26时间3689易伤4挖青5加一6序列升级7掉矿a核
103	41351 13112	10	   	251.73	橙5易伤1时间	15金币生成2时间3雷电4578a易伤5序列升级6核9低血量敌人
104	41351 13121	8	   	251.73	橙5易伤1时间	15金币生成2时间3雷电45789易伤5序列升级6核a策反
105	41351 13122	10	   	251.73	橙5易伤1时间	15金币生成2时间3雷电4578a易伤5序列升级6核9最后敌人
106	41351 13126	8	   	251.73	橙5易伤1时间	15金币生成2时间3雷电45789易伤5序列升级6核a敌人爆炸
107	41351 13132	10	   	251.73	橙5易伤1时间	15金币生成2时间3雷电4578a易伤5序列升级6核9基地爆炸
108	11118 13361	8	   	251.70	橙4易伤3时间	19低血量敌人2加一3平台4789易伤569时间9序列升级a核
109	21114 27461	5	   	251.70	橙4易伤3时间	19最后敌人2加一3平台4569易伤789时间9序列升级a核
110	41351 13122	8	   	251.63	橙5易伤1时间	15金币生成2时间3雷电45789易伤5序列升级6核a挖尘
111	41351 13152	10	   	251.63	橙5易伤1时间	15金币生成2时间3雷电4578a易伤5序列升级6核9挖尘
112	53323 14251	9	   	251.60	橙3易伤2时间3暴击1全技能	158暴击26时间378易伤48最后敌人8序列升级9核a全技能
113	51313 14133	7	   	251.50	橙3易伤2时间3暴击1全技能	147暴击2挖尘379易伤57时间6全技能7序列升级8低血量敌人a核
114	51313 14225	8	   	251.50	橙3易伤2时间3暴击1全技能	147暴击2挖尘379易伤57时间6全技能7序列升级8金币生成a核
115	51313 14333	7	   	251.50	橙3易伤2时间3暴击1全技能	147暴击2挖尘379易伤57时间6全技能7序列升级8最后敌人a核
116	51313 14533	8	   	251.50	橙3易伤2时间3暴击1全技能	147暴击2挖尘379易伤57时间6全技能7序列升级8最后敌人a核
117	41351 13125	8	   	251.49	橙5易伤1时间1卖塔	15金币生成2时间3雷电45789易伤5序列升级6核a卖塔
118	51313 14325	8	   	251.40	橙3易伤2时间3暴击1全技能	147暴击2挖尘379易伤57时间6全技能7序列升级8掉矿a核
119	33361 25351	8	   	251.11	橙4易伤3时间2卖塔	13卖塔2挖青4789易伤579时间679挖尘79序列升级a核
120	26361 32263	5	   	251.03	橙2易伤2伤害2时间1等级	1最后敌人24伤害3雷电59易伤6等级7a时间8核
121	51343 11612	3	   	250.92	橙3易伤2伤害2暴击	1a暴击2挖尘35a易伤4雷电68最后敌人7核9a伤害a序列升级
122	53533 16132	9	   	250.92	橙3易伤3时间1暴击	1暴击257时间3双倍矿489易伤6雷电a核
123	41331 11154	8	   	250.92	橙3易伤3时间1暴击	1金币生成247时间3雷电589易伤6核a暴击
124	53131 26225	2	   	250.92	橙3易伤3时间1暴击	1暴击234时间578易伤6敌人爆炸9雷电a核
125	53321 11154	10	   	250.92	橙3易伤3时间1暴击	1暴击256时间39a易伤4最后敌人7雷电8核
126	53321 11155	9	   	250.92	橙3易伤3时间1暴击	1暴击256时间39a易伤4最后敌人7雷电8核
127	62211 62341	8	   	250.84	橙3易伤1伤害2暴击1时间1全技能	1策反2伤害368易伤4全技能5时间7核9a暴击
128	51343 11512	3	   	250.82	橙3易伤2伤害2暴击	1a暴击28挖尘35a易伤4雷电6最后敌人7核9a伤害a序列升级
129	53331 11154	10	   	250.82	橙3易伤3时间1暴击	1暴击256时间39a易伤4挖青7雷电8核
130	53331 11155	9	   	250.82	橙3易伤3时间1暴击	1暴击256时间39a易伤4挖青7雷电8核
131	55122 11714	1	   	250.72	橙3易伤2伤害2暴击	17暴击27伤害3赏金邻近4加一579易伤6挖青7序列升级8核a雷电
132	62223 66332	3	 * 	250.69	橙3易伤2攻速1伤害1时间1卖塔	1a策反2伤害37a易伤4时间5雷电6核8卖塔9a攻速a序列升级
133	56223 13513	8	 * 	250.48	橙2易伤3时间1伤害2暴击	17暴击2掉矿37易伤4雷电5金币生成67a时间7序列升级8核9伤害
134	11435 24746	9	 * 	250.27	橙3易伤3时间2攻速	19低血量敌人2加一39攻速456时间79a易伤8核9序列升级
135	53314 51132	6	 * 	250.02	橙2易伤3暴击2攻速1伤害1时间	14a暴击2时间3a易伤5雷电6核7随机矿8伤害9a攻速a序列升级
136	65211 22231	8	   	249.95	橙3易伤2时间1等级1全技能	1策反2等级389易伤4全技能56时间7核a雷电
137	65211 22531	7	   	249.95	橙3易伤2时间1等级1全技能	1策反2等级389易伤4全技能56时间7核a雷电
138	36622 31712	1	   	249.93	橙3易伤3时间2攻速1卖塔	1卖塔2赏金塔37攻速4加一579易伤67a时间7序列升级8核
139	54233 33722	8	   	249.85	橙2易伤2时间3暴击1伤害2雷电	12a暴击3加一4a易伤57时间6伤害8a雷电9核a序列升级
140	65211 62221	8	   	249.70	橙4易伤1等级1时间1全技能	1策反2等级368a易伤4全技能5时间7核9低血量敌人
141	65211 62233	8	   	249.70	橙4易伤1等级1时间1全技能	1策反2等级3689易伤4全技能5时间7核a低血量敌人
142	65211 62232	8	   	249.60	橙4易伤1等级1时间1全技能	1策反2等级3689易伤4全技能5时间7核a赏金塔
143	22365 22261	5	   	249.58	橙3易伤2等级1伤害1时间	1最后敌人26等级3雷电4伤害569易伤6序列升级7时间8核a金币生成
144	22365 22262	5	   	249.58	橙3易伤2等级1伤害1时间	1最后敌人26等级3雷电4伤害569易伤6序列升级7时间8核a随机矿
145	22365 23263	5	   	249.58	橙3易伤1伤害2等级1时间	1最后敌人26等级3雷电4伤害569易伤6序列升级7敌人爆炸8核a时间
146	66122 31711	1	   	249.45	橙3易伤2时间1伤害1暴击	17策反2暴击3赏金邻近4加一579易伤67时间7序列升级8核a伤害
147	62211 32356	10	   	249.36	橙2易伤3时间2伤害1全技能	1策反26伤害38易伤4全技能59a时间7核
148	16321 51353	1	   	249.32	橙3易伤3时间1伤害	168低血量敌人23基地爆炸48a时间568易伤68序列升级7核9伤害
149	16321 11353	1	   	249.22	橙3易伤3时间1伤害	18低血量敌人23基地爆炸48a时间568易伤7核8序列升级9伤害
150	16342 11353	1	   	249.22	橙3易伤3时间1伤害	18低血量敌人23基地爆炸468易伤58a时间7核8序列升级9伤害
151	53533 34122	9	   	249.12	橙3易伤3时间2暴击	17暴击259时间3双倍矿478易伤67策反7序列升级a核
152	53533 34122	8	   	249.12	橙3易伤3时间2暴击	17暴击259时间3双倍矿478易伤67策反7序列升级a核
153	14621 11353	3	   	249.02	橙3易伤3时间1伤害	18低血量敌人23挖尘48a时间568易伤7核8序列升级9伤害
154	53621 13112	6	   	249.02	橙3易伤1时间1等级1暴击1全技能	1暴击2时间3额外掉落4等级56a易伤7雷电8全技能9核
155	51331 32264	9	   	248.92	橙3易伤3时间2暴击	18暴击2挖尘389易伤4挖青58a时间6平台7核8序列升级
156	15312 32365	2	   	248.46	橙3易伤1伤害1等级1时间1攻速	1低血量敌人2攻速349易伤5平台6等级7时间8伤害a核
157	16312 32365	2	   	248.46	橙3易伤1伤害1等级1时间1攻速	1低血量敌人2伤害349易伤5平台6等级7时间8攻速a核
158	62211 32321	8	   	248.46	橙3易伤2伤害1时间1全技能	1策反26伤害38a易伤4全技能5时间7核9最后敌人
159	62211 32333	8	   	248.46	橙3易伤2伤害1时间1全技能	1策反26伤害389易伤4全技能5时间7核a低血量敌人
160	62211 32361	8	   	248.46	橙3易伤2伤害1时间1全技能	1策反26伤害38a易伤4全技能5时间7核9基地爆炸
161	62211 32521	7	   	248.46	橙3易伤2伤害1时间1全技能	1策反26伤害38a易伤4全技能5时间7核9最后敌人
162	62211 32533	7	   	248.46	橙3易伤2伤害1时间1全技能	1策反26伤害389易伤4全技能5时间7核a低血量敌人
163	62211 32561	7	   	248.46	橙3易伤2伤害1时间1全技能	1策反26伤害38a易伤4全技能5时间7核9基地爆炸
164	62211 62312	8	   	248.46	橙3易伤2伤害1时间1全技能	1策反2a伤害368易伤4全技能5时间7核9矿等
165	62211 62332	9	   	248.46	橙3易伤2伤害1时间1全技能	1策反2a伤害368易伤4全技能5时间7核9随机矿
166	62211 62352	8	   	248.46	橙3易伤2伤害1时间1全技能	1策反2a伤害368易伤4全技能5时间7核9金币生成
167	62211 62512	7	   	248.46	橙3易伤2伤害1时间1全技能	1策反2a伤害368易伤4全技能5时间7核9矿等
168	62243 12212	9	   	248.46	橙3易伤2伤害1等级1全技能	1策反2a伤害348易伤5全技能6低血量敌人7核9等级
169	62253 62212	9	   	248.46	橙3易伤2伤害1等级1全技能	1策反2a伤害368易伤4最后敌人5全技能7核9等级
170	41351 13351	10	   	248.45	橙4易伤1等级1时间	15金币生成2时间3雷电4579易伤5序列升级6核8矿等a等级
171	53642 31123	9	 * 	248.42	橙2易伤3时间3暴击1伤害	15a暴击245时间3额外掉落5a序列升级6伤害7a易伤8核9a低血量敌人
172	62211 32332	8	   	248.36	橙3易伤2伤害1时间1全技能	1策反26伤害389易伤4全技能5时间7核a赏金塔
173	62211 32335	8	   	248.36	橙3易伤2伤害1时间1全技能	1策反26伤害389易伤4全技能5时间7核a加一
174	62211 32336	8	   	248.36	橙3易伤2伤害1时间1核弹1全技能	1策反26伤害389易伤4全技能5时间7核a核弹
175	62211 32341	9	   	248.36	橙3易伤2伤害1时间1全技能	1策反26伤害38a易伤4全技能5时间7核9加一
176	62211 32532	7	   	248.36	橙3易伤2伤害1时间1全技能	1策反26伤害389易伤4全技能5时间7核a赏金塔
177	62211 32535	7	   	248.36	橙3易伤2伤害1时间1全技能	1策反26伤害389易伤4全技能5时间7核a加一
178	62211 32536	7	   	248.36	橙3易伤2伤害1时间1核弹1全技能	1策反26伤害389易伤4全技能5时间7核a核弹
179	62211 62322	9	   	248.36	橙3易伤2伤害1时间1全技能	1策反2a伤害368易伤4全技能5时间7核9掉矿
180	62243 42312	9	   	248.36	橙3易伤2伤害1等级1全技能	1策反2a伤害348易伤5全技能6挖尘7核9等级
181	12242 11524	2	   	248.35	橙4易伤1等级1时间	1低血量敌人2等级3金币生成468a易伤5时间7核9雷电
182	12322 11524	2	   	248.35	橙4易伤1等级1时间	1低血量敌人2等级368a易伤4金币生成5时间7核9雷电
183	13315 21524	2	   	248.35	橙4易伤1时间1等级	1低血量敌人2矿等348a易伤5时间6等级7核9雷电
184	22335 22264	5	   	248.35	橙4易伤1时间1等级1核弹	16最后敌人2等级3雷电4核弹569a易伤6序列升级7时间8核
185	53311 34116	4	   	248.26	橙3易伤2暴击1等级1时间1攻速	14暴击2时间378易伤5等级6攻速9挖青a核
186	53311 34136	4	   	248.26	橙3易伤2暴击1等级1时间1攻速	14暴击2时间378易伤5等级6攻速9挖尘a核
187	12315 11524	2	   	248.25	橙4易伤1时间1等级	1低血量敌人2等级348a易伤5时间6掉矿7核9雷电
188	53642 31133	8	   	248.22	橙2易伤3时间3暴击1伤害	15a暴击245时间3额外掉落5a序列升级6伤害7a易伤8核9a挖尘
189	42222 31315	3	   	248.16	橙3易伤3伤害1全技能	189金币生成289伤害3掉矿4最后敌人5全技能6随机矿789易伤89序列升级a核
190	42322 31315	2	   	248.16	橙3易伤3伤害1全技能	189金币生成289伤害3掉矿4最后敌人5全技能6随机矿789易伤89序列升级a核
191	42433 31315	5	   	248.16	橙3易伤3伤害1全技能	189金币生成289伤害3敌人爆炸4掉矿5全技能6随机矿789易伤89序列升级a核
192	42632 31315	2	   	248.16	橙3易伤3伤害1全技能	189金币生成289伤害3最后敌人4掉矿5全技能6随机矿789易伤89序列升级a核
193	62263 51132	10	   	248.06	橙3易伤3伤害1全技能	16a策反27a伤害39a易伤4立即金币5全技能8核a序列升级
194	62211 22314	10	   	248.02	橙2易伤3时间1伤害1等级1全技能	1策反2伤害38易伤4全技能56a时间7核9等级
195	12363 22662	2	   	247.31	橙3易伤2伤害1等级	19低血量敌人2等级369易伤4敌人爆炸5雷电7额外掉落89伤害9序列升级a核
196	62211 32352	10	   	247.14	橙2易伤2伤害2时间1攻速1全技能	1策反26伤害38易伤4全技能59时间7核a攻速
197	62211 62311	9	   	247.12	橙3易伤1伤害1等级1时间1全技能	1策反2伤害368易伤4全技能5时间7核9等级a敌人爆炸
198	62211 62312	10	   	247.12	橙3易伤1伤害1等级1时间1全技能	1策反2伤害368易伤4全技能5时间7核9等级a矿等
199	62211 62314	9	   	247.12	橙3易伤1伤害1等级1时间1全技能	1策反2伤害368易伤4全技能5时间7核9等级a立即金币
200	62211 62315	10	   	247.12	橙3易伤1伤害1等级1时间1全技能	1策反2伤害368易伤4全技能5时间7核9等级a金币生成
201	62211 62316	9	   	247.12	橙3易伤1伤害1等级1时间1全技能	1策反2伤害368易伤4全技能5时间7核9等级a基地爆炸
202	65211 62212	8	   	247.12	橙3易伤1伤害1等级1时间1全技能	1策反2等级368易伤4全技能5时间7核9矿等a伤害
203	65211 62212	9	   	247.12	橙3易伤1伤害1等级1时间1全技能	1策反2等级368易伤4全技能5时间7核9矿等a伤害
204	65211 62232	9	   	247.12	橙3易伤1伤害1等级1时间1全技能	1策反2等级368易伤4全技能5时间7核9随机矿a伤害
205	12316 63111	2	   	247.12	橙3易伤1伤害1等级1时间1全技能	1低血量敌人2等级349易伤5全技能6基地爆炸7核8时间a伤害
206	62223 42251	9	   	247.12	橙3易伤1伤害1等级1时间1全技能	1策反2伤害38a易伤4随机矿5全技能6等级7核9时间
207	62243 12214	10	   	247.12	橙3易伤1伤害1等级1时间1全技能	1策反2伤害348易伤5全技能6低血量敌人7核9等级a时间
208	51324 84181	3	 * 	247.04	橙5易伤2暴击	19暴击2挖尘3589a易伤4加一6核79矿等9序列升级
209	62211 62313	9	   	247.02	橙3易伤1伤害1等级1时间1全技能	1策反2伤害368易伤4全技能5时间7核9等级a掉矿
210	63211 62312	9	   	247.02	橙3易伤1伤害1等级1时间1核弹1全技能	1策反2核弹368易伤4全技能5时间7核9等级a伤害
211	65211 62222	9	   	247.02	橙3易伤1伤害1等级1时间1全技能	1策反2等级368易伤4全技能5时间7核9掉矿a伤害
212	41351 13353	10	   	246.98	橙4易伤2时间	15a金币生成2a时间3雷电4579易伤5a序列升级6核8a矿等
213	16321 51324	1	   	246.98	橙4易伤2时间	168低血量敌人23基地爆炸48时间568a易伤68序列升级7核9雷电
214	63223 66312	3	   	246.96	橙3易伤2伤害1时间1核弹1卖塔	1a策反2核弹37a易伤4时间5雷电6核8卖塔9a伤害a序列升级
215	41331 11331	10	   	246.93	橙3易伤3时间1全技能	1金币生成247时间3雷电59a易伤6核8全技能
216	15213 23264	3	   	246.91	橙4易伤1伤害1攻速	1低血量敌人2攻速3敌人爆炸469a易伤5雷电7伤害8核
217	25213 23264	3	   	246.91	橙4易伤1伤害1攻速	1最后敌人2攻速3敌人爆炸469a易伤5雷电7伤害8核
218	16321 11324	1	   	246.88	橙4易伤2时间	18低血量敌人23基地爆炸48时间568a易伤7核8序列升级9雷电
219	16342 11324	1	   	246.88	橙4易伤2时间	18低血量敌人23基地爆炸468a易伤58时间7核8序列升级9雷电
220	41351 11112	10	   	246.78	橙4易伤2时间	15金币生成27时间3雷电458a易伤5序列升级6核9低血量敌人
221	41351 11121	8	   	246.78	橙4易伤2时间	15金币生成27时间3雷电4589易伤5序列升级6核a矿等
222	41351 11122	10	   	246.78	橙4易伤2时间	15金币生成27时间3雷电458a易伤5序列升级6核9最后敌人
223	41351 11123	8	   	246.78	橙4易伤2时间	15a金币生成27时间3雷电4589易伤5序列升级6核
224	41351 11124	8	   	246.78	橙4易伤2时间	15金币生成27时间3雷电4589易伤5序列升级6核a低血量敌人
225	41351 11125	8	   	246.78	橙4易伤2时间	15金币生成27时间3雷电4589易伤5序列升级6核a随机矿
226	41351 11126	8	   	246.78	橙4易伤2时间	15金币生成27时间3雷电4589易伤5序列升级6核a基地爆炸
227	41351 11132	10	   	246.78	橙4易伤2时间	15金币生成27时间3雷电458a易伤5序列升级6核9基地爆炸
228	41351 13142	8	   	246.78	橙4易伤2时间	159金币生成2a时间3雷电4578易伤5序列升级6核
229	41351 13352	10	   	246.78	橙4易伤2时间	15金币生成2a时间3雷电4579易伤5序列升级6核8矿等
230	41351 13621	7	   	246.78	橙4易伤2时间	15金币生成28时间3雷电4579易伤5序列升级6核a矿等
231	41351 13623	7	   	246.78	橙4易伤2时间	15a金币生成28时间3雷电4579易伤5序列升级6核
232	53313 54321	9	   	246.70	橙3易伤2时间2暴击1攻速	14暴击25时间37a易伤6低血量敌人8核9攻速
233	53313 64321	9	   	246.70	橙3易伤2时间2暴击1攻速	14暴击25时间37a易伤6基地爆炸8核9攻速
234	53316 14321	9	   	246.70	橙3易伤2时间2暴击1攻速	14暴击26时间37a易伤5低血量敌人8核9攻速
235	53323 14321	9	   	246.70	橙3易伤2时间2暴击1攻速	15暴击26时间37a易伤4最后敌人8核9攻速
236	53343 14321	9	   	246.70	橙3易伤2时间2暴击1攻速	15暴击26时间37a易伤4低血量敌人8核9攻速
237	14621 11324	3	   	246.68	橙4易伤2时间	18低血量敌人23挖尘48时间568a易伤7核8序列升级9雷电
238	41331 13112	10	   	246.68	橙4易伤2时间	1金币生成24时间3雷电578a易伤6核9低血量敌人
239	41331 13121	8	   	246.68	橙4易伤2时间	1金币生成24时间3雷电5789易伤6核a矿等
240	41331 13122	10	   	246.68	橙4易伤2时间	1金币生成24时间3雷电578a易伤6核9最后敌人
241	41331 13123	8	   	246.68	橙4易伤2时间	1a金币生成24时间3雷电5789易伤6核
242	41331 13124	8	   	246.68	橙4易伤2时间	1金币生成24时间3雷电5789易伤6核a低血量敌人
243	41331 13125	8	   	246.68	橙4易伤2时间	1金币生成24时间3雷电5789易伤6核a随机矿
244	41331 13126	8	   	246.68	橙4易伤2时间	1金币生成24时间3雷电5789易伤6核a基地爆炸
245	41331 13132	10	   	246.68	橙4易伤2时间	1金币生成24时间3雷电578a易伤6核9基地爆炸
246	41341 13122	8	   	246.68	橙4易伤2时间	14金币生成2a时间3雷电5789易伤6核
247	41351 11152	10	   	246.68	橙4易伤2时间	15金币生成27时间3雷电458a易伤5序列升级6核9挖尘
248	41351 13134	8	   	246.68	橙4易伤2时间	15金币生成2a时间3雷电4578易伤5序列升级6核9掉矿
249	41351 13262	10	   	246.68	橙4易伤2时间	15金币生成29时间3雷电457a易伤5序列升级6核8挖尘
250	44611 13122	8	   	246.68	橙4易伤2时间	12金币生成3589易伤4雷电6核7a时间
251	22363 26263	3	   	246.67	橙2易伤3时间1伤害1等级	1最后敌人2等级3雷电47a时间5伤害69易伤8核
252	32324 31668	3	   	246.65	橙3易伤2时间1伤害1攻速1卖塔	1卖塔29基地爆炸359易伤4加一6攻速7伤害89时间9序列升级a核
253	53313 44321	9	   	246.60	橙3易伤2时间2暴击1攻速	14暴击25时间37a易伤6挖尘8核9攻速
254	53333 14321	9	   	246.60	橙3易伤2时间2暴击1攻速	15暴击26时间37a易伤4挖青8核9攻速
255	11117 24275	2	   	246.58	橙4易伤2时间	1低血量敌人2加一3雷电45时间679a易伤8核
256	11217 24275	4	   	246.58	橙4易伤2时间	1低血量敌人2加一3雷电45时间679a易伤8核
257	11217 24275	3	   	246.58	橙4易伤2时间	1低血量敌人2加一3雷电45时间679a易伤8核
258	41331 13152	10	   	246.58	橙4易伤2时间	1金币生成24时间3雷电578a易伤6核9挖尘
259	55162 31132	1	   	246.54	橙2易伤2伤害2时间2暴击	17暴击27伤害3赏金邻近49基地爆炸58易伤67时间7序列升级a核
260	53315 33124	10	   	246.46	橙3易伤3暴击1时间1攻速	146暴击2时间389易伤5攻速7雷电a核
261	33156 13353	1	   	246.43	橙2易伤3时间1伤害1等级1卖塔	1卖塔238时间4a易伤5伤害6等级7雷电9核
262	35433 13353	6	   	246.43	橙2易伤3时间1伤害1等级1卖塔	1卖塔2等级3伤害4a易伤568时间7雷电9核
263	53314 21312	6	   	246.40	橙2易伤2伤害3暴击1时间	14a暴击2时间3a易伤5雷电68基地爆炸7核9a伤害a序列升级
264	36622 31714	1	   	246.36	橙3易伤2时间2攻速1全技能1卖塔	1卖塔2赏金塔37攻速4加一579易伤67时间7序列升级8核a全技能
265	55112 31143	1	 * 	246.21	紫4易伤2时间1伤害2暴击	17暴击2伤害3赏金邻近4核578a易伤67时间7序列升级9平台
266	62211 32343	8	   	246.20	橙2易伤2伤害1时间1暴击1攻速1全技能	1策反26伤害38易伤4全技能5时间7核9暴击a攻速
267	62211 32543	7	   	246.20	橙2易伤2伤害1时间1暴击1攻速1全技能	1策反26伤害38易伤4全技能5时间7核9暴击a攻速
268	51313 61512	6	   	246.20	橙2易伤2伤害3暴击1时间	14a暴击28挖尘3a易伤5时间6雷电7核9a伤害a序列升级
269	62211 32313	10	   	246.11	橙2易伤2伤害1等级1时间1全技能	1策反26伤害38易伤4全技能5时间7核9等级a雷电
270	51321 71711	3	 * 	246.04	橙3易伤2攻速1伤害2暴击	17暴击2挖尘379易伤4加一5赏金塔67攻速7序列升级8核a伤害
271	41351 13161	10	   	245.85	橙4易伤1时间1暴击	15金币生成2时间3雷电4578易伤5序列升级6核9暴击a最后敌人
272	41351 13162	9	   	245.85	橙4易伤1时间1暴击	15金币生成2时间3雷电4578易伤5序列升级6核9暴击a基地爆炸
273	41351 13163	10	   	245.85	橙4易伤1时间1暴击	15a金币生成2时间3雷电4578易伤5序列升级6核9暴击
274	41351 13163	9	   	245.85	橙4易伤1时间1暴击	15金币生成2时间3雷电4578易伤5序列升级6核9暴击a随机矿
275	41351 13351	9	   	245.85	橙4易伤1时间1暴击	15金币生成2时间3雷电4579易伤5序列升级6核8矿等a暴击
276	12312 13624	9	   	245.77	橙3易伤1伤害1时间1等级	1低血量敌人2等级3雷电4双倍矿5时间6核79a易伤8伤害
277	12312 13664	8	   	245.77	橙3易伤1伤害1时间1等级	1低血量敌人2等级3雷电4双倍矿5时间6核79a易伤8伤害
278	22312 13664	8	   	245.77	橙3易伤1伤害1等级1时间	1最后敌人2等级3雷电4双倍矿5时间6核79a易伤8伤害
279	22322 13664	8	   	245.77	橙3易伤1伤害1等级1时间	14最后敌人2等级3雷电5时间6核79a易伤8伤害
280	22363 22264	3	   	245.77	橙3易伤1伤害1等级1时间	17最后敌人2等级3雷电4时间5伤害69a易伤8核
281	12311 11624	9	   	245.77	橙3易伤1伤害1时间1等级	1低血量敌人2等级3雷电4双倍矿59a易伤6核7时间8伤害
282	12311 11664	8	   	245.77	橙3易伤1伤害1时间1等级	1低血量敌人2等级3雷电4双倍矿59a易伤6核7时间8伤害
283	22311 11664	8	   	245.77	橙3易伤1伤害1等级1时间	1最后敌人2等级3雷电4双倍矿59a易伤6核7时间8伤害
284	22311 23264	6	   	245.77	橙3易伤1伤害1等级1时间	1最后敌人2等级3雷电4双倍矿59a易伤6时间7伤害8核
285	22311 43264	5	   	245.77	橙3易伤1伤害1等级1时间	1最后敌人2等级3雷电4双倍矿59a易伤6时间7伤害8核
286	22321 11664	8	   	245.77	橙3易伤1伤害1等级1时间	14最后敌人2等级3雷电59a易伤6核7时间8伤害
287	22321 23264	6	   	245.77	橙3易伤1伤害1等级1时间	14最后敌人2等级3雷电59a易伤6时间7伤害8核
288	22321 43264	5	   	245.77	橙3易伤1伤害1等级1时间	14最后敌人2等级3雷电59a易伤6时间7伤害8核
289	26321 32264	5	   	245.77	橙3易伤1伤害1等级1时间	14最后敌人2伤害3雷电59a易伤6等级7时间8核
290	62311 32264	5	   	245.77	橙3易伤1伤害1等级1时间	1策反2伤害3随机矿4雷电59a易伤6等级7时间8核
291	11451 16346	4	   	245.76	橙3易伤1伤害1等级1暴击1攻速	1低血量敌人2加一3攻速4等级569易伤7暴击8伤害a核
292	21451 16346	4	   	245.76	橙3易伤1伤害1等级1暴击1攻速	1最后敌人2加一3攻速4等级569易伤7暴击8伤害a核
293	41351 13131	8	   	245.75	橙4易伤1时间1暴击	15金币生成2时间3雷电4578易伤5序列升级6核9掉矿a暴击
294	51324 31628	3	   	245.66	橙3易伤1伤害1时间1暴击1攻速	1暴击2挖尘359易伤4加一6攻速7伤害8时间a核
295	65243 23331	8	 * 	245.57	橙4易伤2等级1全技能	1策反26等级3469易伤5全技能6序列升级7最后敌人8核a雷电
296	62243 12231	8	   	245.57	橙4易伤1伤害1全技能	1策反2伤害3489易伤5全技能6低血量敌人7核a雷电
297	62243 12531	7	   	245.57	橙4易伤1伤害1全技能	1策反2伤害3489易伤5全技能6低血量敌人7核a雷电
298	62253 62231	8	   	245.57	橙4易伤1伤害1全技能	1策反2伤害3689易伤4最后敌人5全技能7核a雷电
299	62243 42331	8	   	245.47	橙4易伤1伤害1全技能	1策反2伤害3489易伤5全技能6挖尘7核a雷电
300	62211 41136	5	   	245.46	橙3易伤2时间1伤害1全技能	1策反2伤害367易伤4全技能58时间9立即金币a核
301	62211 61136	6	   	245.46	橙3易伤2时间1伤害1全技能	1策反2伤害367易伤4全技能58时间9立即金币a核
302	62211 62151	8	   	245.46	橙3易伤2时间1伤害1全技能	1策反2伤害36a易伤4全技能59时间7核8低血量敌人
303	62211 62334	10	   	245.46	橙3易伤2时间1伤害1全技能	1策反2伤害368易伤4全技能5a时间7核9随机矿
304	62211 62351	10	   	245.46	橙3易伤2时间1伤害1全技能	1策反2伤害368易伤4全技能59时间7核a额外掉落
305	62211 62353	9	   	245.46	橙3易伤2时间1伤害1全技能	1策反2伤害368易伤4全技能59时间7核a低血量敌人
306	62211 62353	10	   	245.46	橙3易伤2时间1伤害1全技能	1策反2伤害368易伤4全技能59时间7核a最后敌人
307	62211 22321	8	   	245.46	橙3易伤2时间1伤害1全技能	1策反2伤害38a易伤4全技能56时间7核9最后敌人
308	62211 22333	8	   	245.46	橙3易伤2时间1伤害1全技能	1策反2伤害389易伤4全技能56时间7核a低血量敌人
309	62211 22361	8	   	245.46	橙3易伤2时间1伤害1全技能	1策反2伤害38a易伤4全技能56时间7核9基地爆炸
310	62211 22521	7	   	245.46	橙3易伤2时间1伤害1全技能	1策反2伤害38a易伤4全技能56时间7核9最后敌人
311	62211 22533	7	   	245.46	橙3易伤2时间1伤害1全技能	1策反2伤害389易伤4全技能56时间7核a低血量敌人
312	62211 22561	7	   	245.46	橙3易伤2时间1伤害1全技能	1策反2伤害38a易伤4全技能56时间7核9基地爆炸
313	26225 21623	8	   	245.39	橙4易伤2伤害	1a最后敌人2a伤害3敌人爆炸4金币生成5额外掉落6核789a易伤a序列升级
314	26235 21623	8	   	245.39	橙4易伤2伤害	1a最后敌人2a伤害3敌人爆炸4矿等5额外掉落6核789a易伤a序列升级
315	62211 62151	7	   	245.36	橙3易伤2时间1伤害1全技能	1策反2伤害36a易伤4全技能59时间7核8挖尘
316	62211 62324	10	   	245.36	橙3易伤2时间1伤害1全技能	1策反2伤害368易伤4全技能5a时间7核9掉矿
317	62211 62352	9	   	245.36	橙3易伤2时间1伤害1全技能	1策反2伤害368易伤4全技能59时间7核a赏金塔
318	62211 22332	8	   	245.36	橙3易伤2时间1伤害1全技能	1策反2伤害389易伤4全技能56时间7核a赏金塔
319	62211 22335	8	   	245.36	橙3易伤2时间1伤害1全技能	1策反2伤害389易伤4全技能56时间7核a加一
320	62211 22336	8	   	245.36	橙3易伤2时间1伤害1核弹1全技能	1策反2伤害389易伤4全技能56时间7核a核弹
321	62211 22341	9	   	245.36	橙3易伤2时间1伤害1全技能	1策反2伤害38a易伤4全技能56时间7核9加一
322	62211 22532	7	   	245.36	橙3易伤2时间1伤害1全技能	1策反2伤害389易伤4全技能56时间7核a赏金塔
323	62211 22535	7	   	245.36	橙3易伤2时间1伤害1全技能	1策反2伤害389易伤4全技能56时间7核a加一
324	62211 22536	7	   	245.36	橙3易伤2时间1伤害1核弹1全技能	1策反2伤害389易伤4全技能56时间7核a核弹
325	63211 22336	8	   	245.36	橙3易伤2时间1伤害1核弹1全技能	1策反2核弹389易伤4全技能56时间7核a伤害
326	63211 22536	7	   	245.36	橙3易伤2时间1伤害1核弹1全技能	1策反2核弹389易伤4全技能56时间7核a伤害
327	51331 32261	9	   	245.36	橙3易伤2时间2暴击1全技能	18暴击2挖尘389易伤4挖青58时间6平台7核8序列升级a全技能
328	41351 33214	7	   	245.35	橙3易伤2时间2攻速	15金币生成2a时间3雷电457易伤5序列升级69攻速8核
329	62251 13522	4	   	245.32	橙2易伤2伤害2攻速2暴击	1策反2a伤害35易伤4最后敌人6a暴击7雷电8a攻速9核a序列升级
330	62261 13522	3	   	245.32	橙2易伤2伤害2攻速2暴击	1策反2a伤害35易伤4低血量敌人6a暴击7雷电8a攻速9核a序列升级
331	53311 53341	9	   	245.10	橙2易伤2时间1伤害2暴击1等级	14暴击27时间3a易伤5随机矿6核8伤害9等级
332	11633 81428	3	   	245.10	橙2易伤2时间1伤害2暴击1等级	1低血量敌人2加一35暴击45时间5序列升级6等级7伤害89易伤a核
333	55122 31721	1	   	245.10	橙2易伤2时间1伤害2暴击1等级	17暴击2伤害3赏金邻近4加一57易伤67时间7序列升级8核9等级a最后敌人
334	55122 31722	1	   	245.10	橙2易伤2时间1伤害2暴击1等级	17暴击2伤害3赏金邻近4加一57易伤67时间7序列升级8核9等级a金币生成
335	55122 31723	1	   	245.10	橙2易伤2时间1伤害2暴击1等级	17暴击2伤害3赏金邻近4加一57易伤67时间7序列升级8核9等级a敌人爆炸
336	55122 31724	1	   	245.10	橙2易伤2时间1伤害2暴击1等级	17暴击2伤害3赏金邻近4加一57易伤67时间7序列升级8核9等级a随机矿
337	55112 31361	1	 * 	244.78	紫3易伤2时间2攻速1伤害2暴击	17暴击2伤害3赏金邻近4核579易伤67时间7序列升级8a攻速
338	44611 12321	10	   	244.51	橙3易伤2伤害1暴击	12金币生成358易伤4雷电6核7暴击9a伤害
339	62211 32351	9	   	244.44	橙2易伤2伤害2时间1全技能	1策反26伤害38易伤4全技能59时间7核a雷电
340	62211 62342	8	   	244.42	橙3易伤1伤害1时间1暴击1全技能	1策反2伤害368易伤4全技能5时间7核9暴击a赏金塔
341	62211 62632	9	   	244.42	橙3易伤1伤害1时间1暴击1全技能	1策反2伤害36a易伤4全技能5时间7核8暴击9挖尘
342	53311 14343	8	   	244.40	橙2易伤3时间3暴击1等级	147暴击267时间37易伤5随机矿7序列升级8掉矿9核a等级
343	62224 22234	5	   	244.30	橙3易伤2时间1伤害	19策反2伤害39a易伤4随机矿5雷电6矿等79时间8核9序列升级
344	31313 42536	7	   	244.28	橙3易伤1伤害1等级1暴击1全技能1卖塔	1卖塔2最后敌人389易伤4暴击5全技能6等级7核a伤害
345	32313 42236	8	   	244.28	橙3易伤1伤害1等级1暴击1全技能1卖塔	1卖塔2基地爆炸389易伤4暴击5全技能6等级7核a伤害
346	32313 42536	7	   	244.28	橙3易伤1伤害1等级1暴击1全技能1卖塔	1卖塔2基地爆炸389易伤4暴击5全技能6等级7核a伤害
347	34313 42236	8	   	244.28	橙3易伤1伤害1等级1暴击1全技能1卖塔	1卖塔2敌人爆炸389易伤4暴击5全技能6等级7核a伤害
348	23365 22263	5	   	244.20	橙3易伤2时间1伤害	1最后敌人26矿等3雷电4伤害569易伤6序列升级7a时间8核
349	35435 13323	8	   	244.20	橙2易伤2时间1伤害1等级1攻速1卖塔	1卖塔2等级3伤害48易伤5攻速6a时间7雷电9核
350	41331 13264	5	   	244.10	橙3易伤2时间1伤害	1金币生成24时间3雷电59a易伤6最后敌人7伤害8核
351	56223 13161	9	   	244.10	橙3易伤2时间2暴击	17暴击2掉矿37a易伤4雷电5金币生成67时间7序列升级8基地爆炸9核
352	56223 13531	8	   	244.10	橙3易伤2时间2暴击	17暴击2掉矿37a易伤4雷电5金币生成67时间7序列升级8核9敌人爆炸
353	61323 13264	3	   	244.10	橙3易伤2时间1伤害	1策反26时间3雷电4伤害59a易伤7低血量敌人8核
354	61323 22234	3	   	244.10	橙3易伤2时间1伤害	1策反27时间3雷电4伤害56a易伤8核9低血量敌人
355	61363 22234	4	   	244.10	橙3易伤2时间1伤害	1策反27时间3雷电4伤害56a易伤8核9低血量敌人
356	61423 22234	2	   	244.10	橙3易伤2时间1伤害	1策反27时间3雷电4伤害56a易伤8核9低血量敌人
357	62223 13264	3	   	244.10	橙3易伤2时间1伤害	1策反2伤害39a易伤46时间5雷电7低血量敌人8核
358	62223 22234	3	   	244.10	橙3易伤2时间1伤害	1策反2伤害36a易伤47时间5雷电8核9低血量敌人
359	53353 43121	8	   	244.07	橙2易伤3时间1伤害1暴击	1暴击245时间3a易伤6雷电7伤害8最后敌人9核
360	53353 43121	7	   	244.07	橙2易伤3时间1伤害1暴击	1暴击245时间3a易伤6雷电7伤害8基地爆炸9核
361	53353 43132	9	   	244.07	橙2易伤3时间1伤害1暴击	1暴击245时间39易伤6雷电7伤害8最后敌人a核
362	53353 43312	8	   	244.07	橙2易伤3时间1伤害1暴击	1暴击245时间38易伤6雷电7伤害9低血量敌人a核
363	53353 43322	8	   	244.07	橙2易伤3时间1伤害1暴击	1暴击245时间38易伤6雷电7伤害9最后敌人a核
364	53321 11111	8	   	244.07	橙2易伤3时间1伤害1暴击	1暴击256时间3a易伤4最后敌人7雷电8核9伤害
365	53321 14621	6	   	244.07	橙2易伤3时间1伤害1暴击	1暴击256时间3a易伤4最后敌人7伤害8雷电9核
366	53341 11111	8	   	244.07	橙2易伤3时间1伤害1暴击	1暴击256时间3a易伤4低血量敌人7雷电8核9伤害
367	53353 21111	8	   	244.07	橙2易伤3时间1伤害1暴击	1暴击245时间3a易伤6最后敌人7雷电8核9伤害
368	53353 51111	8	   	244.07	橙2易伤3时间1伤害1暴击	1暴击245时间3a易伤6基地爆炸7雷电8核9伤害
369	53353 61111	8	   	244.07	橙2易伤3时间1伤害1暴击	1暴击245时间3a易伤6低血量敌人7雷电8核9伤害
370	53356 11111	8	   	244.07	橙2易伤3时间1伤害1暴击	1暴击246时间3a易伤5低血量敌人7雷电8核9伤害
371	53313 11543	10	   	244.00	橙3易伤2时间2暴击	14暴击25时间39a易伤6雷电7立即金币8核
372	56223 13511	9	   	244.00	橙3易伤2时间2暴击	17暴击2掉矿37a易伤4雷电5金币生成67时间7序列升级8核9挖尘
373	61323 22254	3	   	244.00	橙3易伤2时间1伤害	1策反27时间3雷电4伤害56a易伤8核9挖尘
374	61323 22265	3	   	244.00	橙3易伤2时间1伤害	1策反27时间3雷电4伤害56a易伤8核9加一
375	62223 22254	3	   	244.00	橙3易伤2时间1伤害	1策反2伤害36a易伤47时间5雷电8核9挖尘
376	62223 22265	3	   	244.00	橙3易伤2时间1伤害	1策反2伤害36a易伤47时间5雷电8核9加一
377	53331 11111	8	   	243.97	橙2易伤3时间1伤害1暴击	1暴击256时间3a易伤4挖青7雷电8核9伤害
378	53353 42111	8	   	243.97	橙2易伤3时间1伤害1暴击	1暴击245时间3a易伤6雷电7挖尘8核9伤害
379	53331 14621	6	   	243.97	橙2易伤3时间1伤害1暴击	1暴击256时间3a易伤4挖青7伤害8雷电9核
380	41161 11523	4	 * 	243.93	紫4易伤2伤害2时间	19金币生成28时间3核49伤害569a易伤7随机矿9序列升级
381	22221 11655	4	   	243.85	橙4易伤1伤害1等级	1最后敌人2等级3基地爆炸4金币生成569a易伤7核8伤害
382	22231 11655	4	   	243.85	橙4易伤1伤害1等级	1最后敌人2等级3基地爆炸4矿等569a易伤7核8伤害
383	23213 21655	3	   	243.85	橙4易伤1伤害1等级	1最后敌人2矿等3基地爆炸459a易伤6等级7核8伤害
384	41353 13622	7	   	243.81	橙3易伤3时间2雷电	1金币生成28a时间35雷电479易伤6核
385	41353 11122	8	   	243.81	橙3易伤3时间2雷电	1金币生成27a时间35雷电489易伤6核
386	12242 11553	1	   	243.75	橙4易伤1伤害1时间	1低血量敌人2掉矿3金币生成468a易伤5时间7核9伤害
387	12322 11553	1	   	243.75	橙4易伤1伤害1时间	1低血量敌人2掉矿368a易伤4金币生成5时间7核9伤害
388	13324 24433	1	   	243.75	橙4易伤1伤害1等级	1低血量敌人2赏金塔359a易伤4伤害6基地爆炸7核8等级
389	13324 34133	1	   	243.75	橙4易伤1伤害1时间	1低血量敌人2赏金塔359a易伤4伤害6时间7核8策反
390	13324 34333	1	   	243.75	橙4易伤1伤害1时间	1低血量敌人2赏金塔359a易伤4伤害6时间7核8随机矿
391	13324 46233	1	   	243.75	橙4易伤1伤害1等级	1低血量敌人2赏金塔358a易伤4伤害6最后敌人7等级9核
392	21851 44474	2	   	243.75	橙4易伤1伤害1等级	13最后敌人2加一3序列升级4568易伤7等级9伤害a核
393	22213 11655	3	   	243.75	橙4易伤1伤害1等级	1最后敌人2等级3基地爆炸459a易伤6掉矿7核8伤害
394	22521 52233	3	   	243.75	橙4易伤2等级1时间	1最后敌人26等级3策反4时间568a易伤6序列升级7赏金邻近9核
395	23324 24433	1	   	243.75	橙4易伤1伤害1等级	1最后敌人2赏金塔359a易伤4伤害6基地爆炸7核8等级
396	23324 26233	1	   	243.75	橙4易伤1伤害1等级	1最后敌人2赏金塔358a易伤4伤害6基地爆炸7等级9核
397	23324 34133	1	   	243.75	橙4易伤1伤害1时间	1最后敌人2赏金塔359a易伤4伤害6时间7核8策反
398	23324 34333	1	   	243.75	橙4易伤1伤害1时间	1最后敌人2赏金塔359a易伤4伤害6时间7核8随机矿
399	23324 46233	1	   	243.75	橙4易伤1伤害1等级	1最后敌人2赏金塔358a易伤4伤害6低血量敌人7等级9核
400	26241 12233	4	   	243.75	橙4易伤1伤害1等级	1最后敌人2伤害3敌人爆炸4等级568a易伤7赏金邻近9核
401	42621 12233	2	   	243.75	橙4易伤1伤害1时间	1金币生成2伤害3最后敌人4时间568a易伤7赏金邻近9核
402	42642 12233	2	   	243.75	橙4易伤1伤害1时间	1金币生成2伤害3最后敌人468a易伤5时间7赏金邻近9核
403	62241 62333	3	   	243.75	橙4易伤1伤害1时间	1策反2伤害349a易伤5赏金邻近6敌人爆炸7核8时间
404	62241 62333	4	   	243.75	橙4易伤1伤害1时间	1策反2伤害349a易伤5赏金邻近6敌人爆炸7核8时间
405	62314 24663	1	   	243.75	橙4易伤1伤害1等级	1策反2加一348a易伤5基地爆炸6等级7核9伤害
406	53312 56111	9	   	243.65	橙4易伤2暴击1时间	14暴击2时间389a易伤5掉矿6核7最后敌人
407	13324 62333	1	   	243.65	橙4易伤1伤害1时间1核弹	1低血量敌人2赏金塔359a易伤4伤害6核弹7核8时间
408	23324 56233	1	   	243.65	橙4易伤1伤害1等级	1最后敌人2赏金塔358a易伤4伤害6挖青7等级9核
409	23324 62333	1	   	243.65	橙4易伤1伤害1时间1核弹	1最后敌人2赏金塔359a易伤4伤害6核弹7核8时间
410	54233 84141	5	   	243.65	橙4易伤2暴击1时间	12暴击3加一489a易伤5时间6核7矿等
