0	Index      	Bounty	 *	Score 	Summary	Detail	
1	12344 33532	8	 * 	298.07	橙4易伤3时间3暴击1伤害	189暴击2伤害3589易伤4基地爆炸6低血量敌人789时间89序列升级a核
2	26122 11226	2	 * 	295.66	橙5易伤2伤害2时间	1458a易伤2立即金币38时间68a挖尘7核8a序列升级9a伤害
3	24122 11326	1	   	295.56	橙5易伤2伤害2时间	1245a易伤38时间6a挖尘7核9a伤害a序列升级
4	26521 33513	1	 * 	291.78	橙4易伤3伤害2时间	1467易伤267伤害3赏金邻近5立即金币67序列升级89时间a核
5	24322 33513	1	   	291.78	橙4易伤3伤害2时间	1267易伤3双倍矿4赏金邻近567伤害67序列升级89时间a核
6	24362 33513	1	   	291.78	橙4易伤3伤害2时间	1267易伤3双倍矿4赏金塔567伤害67序列升级89时间a核
7	24122 31334	1	   	287.84	橙5易伤2时间1伤害	12459易伤39时间69低血量敌人7核8全技能9序列升级a伤害
8	14631 31122	5	   	287.66	橙4易伤3时间3暴击	179暴击2789易伤3额外掉落4全技能579时间6核79序列升级a随机矿
9	14631 31121	5	   	287.56	橙4易伤3时间3暴击	179暴击2789易伤3额外掉落4全技能579时间6核79序列升级a挖尘
10	14631 31123	5	   	287.56	橙4易伤3时间3暴击	179暴击2789易伤3额外掉落4全技能579时间6核79序列升级a掉矿
11	14631 31124	5	   	287.56	橙4易伤3时间3暴击	179暴击2789易伤3额外掉落4全技能579时间6核79序列升级a加一
12	14631 31125	5	   	287.56	橙4易伤3时间3暴击	179暴击2789易伤3额外掉落4全技能579时间6核79序列升级a赏金塔
13	25413 33438	7	 * 	285.43	橙3易伤3伤害2攻速1时间	139易伤2全技能39序列升级4时间579伤害6加一89攻速a核
14	12226 15413	3	 * 	284.77	橙3易伤2伤害2暴击1等级1时间	13暴击23伤害3序列升级47a易伤5时间6全技能8等级9核
15	14631 31116	5	   	284.45	橙4易伤2时间2暴击1等级	17暴击278a易伤3额外掉落4全技能57时间6核7序列升级9等级
16	12361 63112	8	   	283.28	橙3易伤2伤害2时间1等级1暴击	1暴击24伤害37a易伤58时间6核9等级
17	12361 63126	8	   	282.69	橙3易伤3伤害2时间1暴击	1暴击24a伤害379易伤58时间6核
18	24122 31333	1	   	281.42	橙5易伤2时间1暴击	12459易伤39时间69低血量敌人7核8全技能9序列升级a暴击
19	24122 61533	1	   	281.42	橙5易伤2时间1暴击	12459易伤39时间69敌人爆炸7核8全技能9序列升级a暴击
20	24122 61226	1	   	281.18	橙5易伤2伤害1时间	1245a易伤3时间68a敌人爆炸7核9a伤害a序列升级
21	24122 31331	1	 * 	281.00	橙5易伤3时间	12459易伤39a时间69低血量敌人7核8全技能9序列升级
22	24122 61531	1	   	281.00	橙5易伤3时间	12459易伤39a时间69敌人爆炸7核8全技能9序列升级
23	24122 11126	1	   	280.88	橙5易伤2伤害1时间	1245a易伤3时间68a挖尘7核9a伤害a序列升级
24	12361 63123	8	 * 	280.26	橙3易伤3时间2伤害1暴击	1暴击24伤害379易伤58a时间6核
25	12226 15213	3	   	279.53	橙3易伤2伤害2暴击1时间1攻速	13暴击23伤害3序列升级47a易伤5时间6全技能8攻速9核
26	12361 25361	7	   	279.11	橙3易伤3伤害1时间1暴击1攻速	1暴击246伤害39a易伤5时间7攻速8核
27	12361 15413	5	   	278.36	橙3易伤2伤害1等级1时间1暴击	1暴击24伤害37a易伤5时间6全技能8等级9核
28	12361 63623	9	   	278.36	橙3易伤2伤害1等级1时间1暴击	1暴击24伤害37a易伤5时间6核8等级9全技能
29	12366 15213	3	   	278.17	橙4易伤1伤害1时间1暴击1攻速	1暴击2伤害347a易伤5时间6全技能8攻速9核
30	12211 11432	5	 * 	278.09	橙2易伤3伤害2时间3暴击	13a暴击239伤害3a序列升级4基地爆炸5a时间6全技能7a易伤8核
31	12211 11512	5	   	278.09	橙2易伤3伤害2时间3暴击	13a暴击238伤害3a序列升级4基地爆炸5a时间6全技能7a易伤9核
32	12211 26112	7	   	278.09	橙2易伤3伤害2时间3暴击	13a暴击236伤害3a序列升级4基地爆炸5a时间7全技能8a易伤9核
33	12216 11432	4	   	278.09	橙2易伤3伤害2时间3暴击	13a暴击239伤害3a序列升级4基地爆炸5a时间6全技能7a易伤8核
34	12216 11512	4	   	278.09	橙2易伤3伤害2时间3暴击	13a暴击238伤害3a序列升级4基地爆炸5a时间6全技能7a易伤9核
35	12246 11432	3	   	278.09	橙2易伤3伤害2时间3暴击	13a暴击239伤害3a序列升级4敌人爆炸5a时间6全技能7a易伤8核
36	12246 11512	3	   	278.09	橙2易伤3伤害2时间3暴击	13a暴击238伤害3a序列升级4敌人爆炸5a时间6全技能7a易伤9核
37	12361 63122	8	   	278.04	橙3易伤2伤害2时间1暴击1攻速	1暴击24伤害379易伤58时间6核a攻速
38	12361 63142	8	   	278.04	橙3易伤2伤害2时间1暴击1攻速	1暴击24伤害37a易伤58时间6核9攻速
39	12236 11432	3	   	277.99	橙2易伤3伤害2时间3暴击	13a暴击239伤害3a序列升级4挖尘5a时间6全技能7a易伤8核
40	12236 11512	3	   	277.99	橙2易伤3伤害2时间3暴击	13a暴击238伤害3a序列升级4挖尘5a时间6全技能7a易伤9核
41	12251 11432	5	   	277.99	橙2易伤3伤害2时间3暴击	13a暴击239伤害3a序列升级4挖尘5a时间6全技能7a易伤8核
42	12251 11512	5	   	277.99	橙2易伤3伤害2时间3暴击	13a暴击238伤害3a序列升级4挖尘5a时间6全技能7a易伤9核
43	12251 26112	7	   	277.99	橙2易伤3伤害2时间3暴击	13a暴击236伤害3a序列升级4挖尘5a时间7全技能8a易伤9核
44	12256 11432	4	   	277.99	橙2易伤3伤害2时间3暴击	13a暴击239伤害3a序列升级4挖尘5a时间6全技能7a易伤8核
45	12256 11512	4	   	277.99	橙2易伤3伤害2时间3暴击	13a暴击238伤害3a序列升级4挖尘5a时间6全技能7a易伤9核
46	24122 11245	1	   	277.98	橙5易伤2时间1伤害	12458易伤38时间68挖尘7核8序列升级9金币生成a伤害
47	11546 34154	9	   	277.90	橙4易伤3时间3暴击	179暴击2加一3平台4额外掉落579时间6789易伤79序列升级a核
48	14631 31126	5	   	277.66	橙4易伤3时间3暴击1卖塔	179暴击2789易伤3额外掉落4全技能579时间6核79序列升级a卖塔
49	21621 22513	3	   	277.29	橙4易伤3伤害1时间	1478易伤2掉矿378伤害578金币生成6赏金塔78序列升级9时间a核
50	12361 63125	8	   	276.69	橙3易伤2伤害2时间1暴击	1暴击24伤害379易伤58时间6核a全技能
51	21463 11362	5	   	276.37	橙3易伤3时间2伤害	167易伤2掉矿3全技能478时间57伤害7序列升级9平台a核
52	21463 31362	6	   	276.37	橙3易伤3时间2伤害	167易伤2掉矿3全技能478时间57伤害7序列升级9平台a核
53	26124 23647	7	   	276.12	橙4易伤2伤害2时间	167a易伤23立即金币4加一5a伤害8核9a时间a序列升级
54	26122 11326	2	   	276.02	橙4易伤2伤害2时间	145a易伤2立即金币38时间6a挖尘7核9a伤害a序列升级
55	22413 13134	7	   	275.71	橙3易伤2伤害1等级1时间1攻速	189易伤2等级3全技能4攻速57伤害6时间a核
56	22413 16134	6	   	275.71	橙3易伤2伤害1等级1时间1攻速	189易伤2等级3全技能4攻速57伤害6时间a核
57	22413 26134	5	   	275.71	橙3易伤2伤害1等级1时间1攻速	189易伤2等级3全技能4攻速57伤害6时间a核
58	12341 33532	8	   	275.43	橙3易伤3时间3暴击1伤害	189暴击2伤害389易伤4基地爆炸5立即金币6低血量敌人789时间89序列升级a核
59	12346 23532	8	   	275.43	橙3易伤3时间3暴击1伤害	189暴击2伤害389易伤46基地爆炸5低血量敌人789时间89序列升级a核
60	12525 23532	8	   	275.43	橙3易伤3时间3暴击1伤害	189暴击2伤害389时间4最后敌人56敌人爆炸789易伤89序列升级a核
61	12525 33532	8	   	275.43	橙3易伤3时间3暴击1伤害	189暴击2伤害389时间46最后敌人5敌人爆炸789易伤89序列升级a核
62	12536 23532	8	   	275.43	橙3易伤3时间3暴击1伤害	189暴击2伤害389时间46敌人爆炸5最后敌人789易伤89序列升级a核
63	12536 33532	8	   	275.43	橙3易伤3时间3暴击1伤害	189暴击2伤害389时间4敌人爆炸56最后敌人789易伤89序列升级a核
64	12521 33532	8	   	275.33	橙3易伤3时间3暴击1伤害	189暴击2伤害389时间4最后敌人5立即金币6挖尘789易伤89序列升级a核
65	14631 31111	5	   	275.03	橙3易伤3时间2暴击1等级	17暴击278易伤3额外掉落4全技能57a时间6核7序列升级9等级
66	21621 22543	3	   	274.69	橙4易伤3伤害1暴击	1478易伤2掉矿378伤害578金币生成6赏金塔78序列升级9暴击a核
67	24322 33324	1	   	274.59	橙4易伤3伤害1暴击	1267易伤3双倍矿4赏金邻近567伤害67序列升级8暴击9基地爆炸a核
68	24322 33364	1	   	274.59	橙4易伤3伤害1暴击	1267易伤3双倍矿4赏金邻近567伤害67序列升级8暴击9低血量敌人a核
69	24362 33324	1	   	274.59	橙4易伤3伤害1暴击	1267易伤3双倍矿4赏金塔567伤害67序列升级8暴击9基地爆炸a核
70	26521 33324	1	   	274.59	橙4易伤3伤害1暴击	1467易伤267伤害3赏金邻近5立即金币67序列升级8暴击9基地爆炸a核
71	24322 33144	1	   	274.49	橙4易伤3伤害1暴击	1267易伤3双倍矿4赏金邻近567伤害67序列升级8挖尘9暴击a核
72	12361 63216	8	   	273.82	橙3易伤2伤害2暴击1时间2雷电	1a暴击24伤害37a易伤5时间6核8策反9a雷电a序列升级
73	14363 63323	8	   	273.75	橙4易伤1伤害1等级1时间1暴击	1暴击2789易伤3等级4伤害5金币生成6核a时间
74	16363 63323	8	   	273.75	橙4易伤1伤害1等级1时间1暴击	1暴击2等级3789易伤4伤害5金币生成6核a时间
75	12361 62136	8	 * 	273.51	橙3易伤2伤害3暴击1时间	19a暴击24伤害39a易伤5时间6核7雷电89a策反9a序列升级
76	12361 15213	5	   	273.11	橙3易伤2伤害1时间1暴击1攻速	1暴击24伤害37a易伤5时间6全技能8攻速9核
77	12366 15213	4	   	273.11	橙3易伤2伤害1时间1暴击1攻速	1暴击24伤害37a易伤5时间6全技能8攻速9核
78	14631 31113	5	   	272.81	橙3易伤2时间2暴击1等级1攻速	17暴击278易伤3额外掉落4全技能57时间6核7序列升级9等级a攻速
79	14631 31222	5	   	272.79	橙3易伤3时间3暴击2全技能	179暴击279易伤3额外掉落48全技能579时间6核79序列升级a随机矿
80	14631 31221	5	   	272.69	橙3易伤3时间3暴击2全技能	179暴击279易伤3额外掉落48全技能579时间6核79序列升级a挖尘
81	14631 31223	5	   	272.69	橙3易伤3时间3暴击2全技能	179暴击279易伤3额外掉落48全技能579时间6核79序列升级a掉矿
82	14631 31224	5	   	272.69	橙3易伤3时间3暴击2全技能	179暴击279易伤3额外掉落48全技能579时间6核79序列升级a加一
83	14631 31225	5	   	272.69	橙3易伤3时间3暴击2全技能	179暴击279易伤3额外掉落48全技能579时间6核79序列升级a赏金塔
84	12461 11512	5	   	271.85	橙2易伤3伤害2时间2暴击	1a暴击248伤害3挖青5a时间6全技能7a易伤9核a序列升级
85	24122 43135	1	 * 	271.80	橙5易伤2暴击1时间	12458易伤3时间68策反78暴击8序列升级9雷电a核
86	24126 31316	1	   	271.56	橙5易伤2时间1暴击	1248a易伤39时间5暴击6核7平台
87	26122 11242	2	   	271.56	橙5易伤2时间1暴击	1458a易伤2立即金币38时间68挖尘7核8序列升级9暴击
88	24122 11342	1	   	271.46	橙5易伤2时间1暴击	1245a易伤38时间6挖尘7核9暴击
89	24124 21621	1	   	271.24	橙5易伤3时间	1246a易伤368时间5额外掉落6序列升级7最后敌人9核
90	24122 11224	1	   	271.14	橙5易伤3时间	12458易伤38a时间68挖尘7核8序列升级9基地爆炸
91	26122 11236	2	   	271.14	橙5易伤3时间1核弹	1458a易伤2立即金币38a时间68a挖尘7核8a序列升级9核弹
92	24122 11336	1	   	271.04	橙5易伤3时间1核弹	1245a易伤38a时间6a挖尘7核9核弹a序列升级
93	24122 11215	1	   	271.04	橙5易伤3时间	12458易伤38a时间689挖尘7核8序列升级
94	25413 16131	8	   	271.02	橙3易伤2伤害2时间2全技能	139易伤2a全技能39序列升级46时间59伤害79策反8核
95	25253 13134	7	   	271.00	橙4易伤2伤害1时间	1489易伤2全技能3挖青57伤害6时间a核
96	12324 11532	8	   	270.26	橙4易伤3暴击1伤害1时间	189暴击2伤害3589易伤4最后敌人6时间789基地爆炸89序列升级a核
97	14631 31112	5	   	270.11	橙3易伤2时间2暴击1等级	17暴击278易伤3额外掉落4全技能57时间6核7序列升级9等级a雷电
98	26213 11334	1	   	269.87	橙3易伤2伤害2攻速1时间	169易伤29伤害34低血量敌人5时间79攻速8全技能9序列升级a核
99	25413 42233	10	   	269.68	橙3易伤2时间1伤害2全技能1等级	139易伤27全技能39序列升级49时间5伤害6等级89基地爆炸a核
100	12361 63111	8	   	269.60	橙2易伤3时间2伤害1等级1暴击	1暴击24伤害37易伤58a时间6核9等级
101	14631 31216	5	   	269.58	橙3易伤2时间2暴击2全技能1等级	17暴击27a易伤3额外掉落48全技能57时间6核7序列升级9等级
102	23145 11334	2	 * 	269.45	橙4易伤2时间2攻速	1469易伤2低血量敌人39时间5随机矿79攻速8全技能9序列升级a核
103	22145 11334	1	   	269.35	橙4易伤2时间2攻速	1469易伤2挖青39时间5随机矿79攻速8全技能9序列升级a核
104	13234 13343	8	   	269.30	橙4易伤2时间2暴击1攻速1卖塔	18暴击2卖塔3578易伤4平台68时间8序列升级9攻速a核
105	23232 44421	9	   	269.24	橙3易伤3伤害2时间	19a易伤29低血量敌人3最后敌人45时间689伤害7核9序列升级
106	12344 33136	8	   	269.19	橙3易伤3时间1伤害2暴击	19暴击2伤害359易伤4基地爆炸6低血量敌人789时间9序列升级a核
107	26122 33513	3	   	269.14	橙3易伤3伤害2时间	167易伤23立即金币4赏金邻近567伤害67序列升级89时间a核
108	26162 33513	3	   	269.14	橙3易伤3伤害2时间	167易伤23立即金币4赏金塔567伤害67序列升级89时间a核
109	26322 33513	2	   	269.14	橙3易伤3伤害2时间	167易伤2立即金币3双倍矿4赏金邻近567伤害67序列升级89时间a核
110	26362 33513	2	   	269.14	橙3易伤3伤害2时间	167易伤2立即金币3双倍矿4赏金塔567伤害67序列升级89时间a核
111	26521 31513	1	   	269.04	橙3易伤3伤害2时间	146易伤267伤害3赏金邻近5立即金币6序列升级89时间a核
112	24322 31513	1	   	269.04	橙3易伤3伤害2时间	126易伤3双倍矿4赏金邻近567伤害6序列升级89时间a核
113	24362 31513	1	   	269.04	橙3易伤3伤害2时间	126易伤3双倍矿4赏金塔567伤害6序列升级89时间a核
114	12361 11141	10	 * 	269.01	橙2易伤3伤害3时间1暴击	1暴击249伤害3a易伤568时间7核
115	24122 11256	1	   	268.92	橙5易伤2时间1攻速	12458易伤38时间68挖尘7核8序列升级9低血量敌人a攻速
116	12226 15216	3	   	268.87	橙2易伤2伤害2暴击1等级1时间1攻速	13暴击23伤害3序列升级47易伤5时间6全技能8攻速9核a等级
117	14266 23121	8	   	268.80	橙3易伤2伤害1等级1时间1暴击	1暴击257易伤3随机矿45伤害5序列升级6低血量敌人8时间9核a等级
118	12324 13623	8	   	268.70	橙3易伤2伤害1等级1时间1暴击	1暴击2a伤害357易伤4最后敌人6时间8等级9核
119	12324 63253	8	   	268.70	橙3易伤2伤害1等级1时间1暴击	1暴击2a伤害357易伤4最后敌人6核8等级9时间
120	12324 63253	9	   	268.70	橙3易伤2伤害1等级1时间1暴击	1暴击2a伤害357易伤4最后敌人6核8等级9时间
121	12334 13623	8	   	268.70	橙3易伤2伤害1等级1时间1暴击	1暴击2a伤害357易伤4敌人爆炸6时间8等级9核
122	12334 63253	9	   	268.70	橙3易伤2伤害1等级1时间1暴击	1暴击2a伤害357易伤4敌人爆炸6核8等级9时间
123	12334 63253	8	   	268.70	橙3易伤2伤害1等级1时间1暴击	1暴击2a伤害357易伤4敌人爆炸6核8等级9时间
124	12344 12623	8	   	268.70	橙3易伤2伤害1时间1等级1暴击	1暴击2a伤害357易伤4基地爆炸6时间8等级9核
125	14334 63113	8	   	268.70	橙3易伤2伤害1等级1时间1暴击	1暴击257易伤3等级4敌人爆炸6核8时间9a伤害
126	16334 63113	8	   	268.70	橙3易伤2伤害1等级1时间1暴击	1暴击2等级357易伤4敌人爆炸6核8时间9a伤害
127	12361 63336	7	   	268.60	橙3易伤2伤害1等级1时间1暴击	1暴击24伤害379易伤5时间6核8赏金邻近a等级
128	25413 42313	8	   	268.54	橙3易伤1伤害2全技能1等级1时间1暴击	13a易伤27全技能3序列升级4时间5伤害6等级8暴击9核
129	11614 44131	3	   	268.52	橙3易伤2伤害2暴击1时间	17暴击2加一3全技能4矿等57伤害67a易伤7序列升级8时间9核
130	11654 44131	3	   	268.52	橙3易伤2伤害2暴击1时间	17暴击2加一3全技能4金币生成57伤害67a易伤7序列升级8时间9核
131	12223 15413	3	   	268.52	橙3易伤2伤害2暴击1等级	13暴击23伤害3序列升级47a易伤5基地爆炸6全技能8等级9核
132	12226 13412	3	   	268.52	橙3易伤2伤害2暴击1时间	13暴击23伤害3序列升级48a易伤5时间6全技能7策反9核
133	12242 51413	6	   	268.52	橙3易伤2伤害2暴击1时间	13暴击23伤害3序列升级4时间5随机矿6全技能78a易伤9核
134	12264 21413	4	   	268.52	橙3易伤2伤害2暴击1等级	13暴击23伤害3序列升级4等级5全技能6敌人爆炸78a易伤9核
135	12264 31413	4	   	268.52	橙3易伤2伤害2暴击1等级	13暴击23伤害3序列升级4等级5全技能6最后敌人78a易伤9核
136	14363 63322	8	   	268.51	橙4易伤1伤害1等级1暴击1攻速	1暴击2789易伤3等级4伤害5金币生成6核a攻速
137	16363 63322	8	   	268.51	橙4易伤1伤害1等级1暴击1攻速	1暴击2等级3789易伤4伤害5金币生成6核a攻速
138	12216 63533	10	   	268.43	橙2易伤3伤害2时间3暴击	138暴击238伤害38序列升级4基地爆炸5低血量敌人6核78易伤9a时间
139	11614 44131	4	   	268.42	橙3易伤2伤害2暴击1时间	17暴击2加一3全技能4掉矿57伤害67a易伤7序列升级8时间9核
140	12226 15513	3	   	268.42	橙3易伤2伤害2暴击1时间1核弹	13暴击23伤害3序列升级47a易伤5时间6全技能8核弹9核
141	12263 51413	6	   	268.42	橙3易伤2伤害2暴击1等级	13暴击23伤害3序列升级4等级5挖尘6全技能78a易伤9核
142	12243 53431	5	   	268.33	橙2易伤3伤害2时间3暴击	137暴击237伤害37序列升级47时间5立即金币6核8赏金邻近9a易伤
143	26122 61533	2	   	268.30	橙4易伤2时间1伤害	1459易伤2立即金币39时间69敌人爆炸7核8全技能9序列升级a伤害
144	12226 15215	3	   	268.27	橙2易伤3伤害2暴击1时间1攻速	13暴击23a伤害3序列升级47易伤5时间6全技能8攻速9核
145	12261 53431	2	   	268.23	橙2易伤3伤害2时间3暴击	137暴击247伤害57时间6核7序列升级8赏金邻近9a易伤
146	25413 12134	6	   	268.10	橙4易伤2时间1伤害	1389易伤2全技能3序列升级46时间5伤害7低血量敌人a核
147	25413 13134	7	   	268.10	橙4易伤2时间1伤害	1389易伤2全技能3序列升级46时间5伤害7敌人爆炸a核
148	25413 22134	5	   	268.10	橙4易伤2时间1伤害	1389易伤2全技能3序列升级46时间5伤害7低血量敌人a核
