0	Index      	Bounty	 *	Score 	Summary	Detail	
1	14113 22483	1	 * 	303.68	橙3易伤3伤害3时间2攻速	16a易伤25a时间3a攻速469伤害6a序列升级7核8加一
2	11413 22483	1	   	303.68	橙3易伤3伤害3时间2攻速	16a易伤2a攻速35a时间469伤害6a序列升级7核8加一
3	12517 32811	10	 * 	295.66	橙5易伤2伤害2时间	1259a易伤3矿等4加一6a时间7核8a伤害a序列升级
4	12511 42231	2	   	291.98	橙5易伤2伤害1时间1攻速	12345易伤4序列升级6a伤害7核8时间9攻速
5	12615 22161	10	 * 	291.98	橙4易伤3伤害2时间	1258易伤358伤害4平台58序列升级68时间79立即金币a核
6	12614 22141	10	   	291.88	橙4易伤3伤害2时间	1289易伤368伤害4平台58时间7立即金币8序列升级a核
7	12661 23141	10	   	291.88	橙4易伤3伤害2时间	1289易伤378伤害4立即金币5平台68时间8序列升级a核
8	12511 42252	2	   	291.63	橙5易伤2时间1伤害1暴击	12345易伤4序列升级6伤害7核89时间a暴击
9	12141 21325	6	 * 	289.30	橙4易伤3时间3雷电2全技能	129a易伤39a雷电49a时间5立即金币6核78全技能9a序列升级
10	12163 21325	6	   	289.30	橙4易伤3时间3雷电2全技能	129a易伤39a雷电4立即金币59a时间6核78全技能9a序列升级
11	12615 32121	8	 * 	288.99	橙5易伤3伤害	12568易伤358伤害4平台58序列升级78最后敌人9雷电a核
12	12615 34121	8	   	288.99	橙5易伤3伤害	12568易伤358伤害4平台58序列升级78基地爆炸9雷电a核
13	12615 35121	8	   	288.99	橙5易伤3伤害	12568易伤358伤害4平台58序列升级78低血量敌人9雷电a核
14	12615 33121	8	   	288.79	橙5易伤3伤害	12568易伤358伤害4平台58序列升级78挖尘9雷电a核
15	11413 22334	1	   	287.92	橙3易伤3时间2伤害2攻速	16a易伤29攻速358时间46伤害6序列升级7核
16	14113 22334	1	   	287.92	橙3易伤3时间2伤害2攻速	16a易伤258时间39攻速46伤害6序列升级7核
17	14413 22334	2	   	287.92	橙3易伤3时间2伤害2攻速	16a易伤29攻速358时间46伤害6序列升级7核
18	12142 81282	4	   	285.31	橙4易伤3时间3雷电1暴击	1278易伤378雷电478时间5加一6赏金邻近78序列升级9核a暴击
19	12511 42235	2	 * 	284.60	橙5易伤2攻速1伤害1时间	12345易伤4序列升级6伤害7核8时间9a攻速
20	12642 28431	10	   	282.79	橙3易伤3伤害2时间1暴击	127易伤378伤害4加一57时间6立即金币7序列升级9暴击a核
21	12642 48431	10	   	282.79	橙3易伤3伤害2时间1暴击	127易伤378伤害4加一57时间6双倍矿7序列升级9暴击a核
22	12643 38431	10	   	282.79	橙3易伤3伤害2时间1暴击	127易伤378伤害4加一5双倍矿67时间7序列升级9暴击a核
23	12642 32446	10	   	281.50	橙4易伤2伤害2暴击1时间	129a易伤3a伤害4加一5时间6金币生成7核8a暴击a序列升级
24	12142 81246	4	   	281.32	橙4易伤3时间3雷电	1278易伤378雷电478时间5加一6赏金邻近78序列升级9全技能a核
25	12511 42215	2	   	280.98	橙5易伤2伤害1时间	12345易伤4序列升级6a伤害7核8时间9敌人爆炸
26	12511 42225	2	   	280.98	橙5易伤2伤害1时间	12345易伤4序列升级6a伤害7核8时间9基地爆炸
27	12511 42261	2	   	280.98	橙5易伤2伤害1时间	12345易伤4序列升级6a伤害7核8时间9金币生成
28	12317 67412	1	   	280.91	橙4易伤3伤害2等级	156a易伤2赏金邻近35a伤害4加一5a序列升级7核8a等级9平台
29	12615 32137	8	   	280.58	橙5易伤3伤害	12568易伤358伤害4平台58序列升级78最后敌人9加一a核
30	12615 31222	7	   	280.48	橙5易伤3伤害	12569易伤358伤害4平台5序列升级7策反a核
31	12615 33137	8	   	280.38	橙5易伤3伤害	12568易伤358伤害4平台58序列升级78挖尘9加一a核
32	12135 32122	10	   	280.21	橙4易伤2伤害2等级2雷电	128a易伤39雷电4a伤害5额外掉落6a等级7核a序列升级
33	14313 22473	1	   	278.92	橙3易伤3时间1伤害1等级1暴击	136易伤256时间4加一6序列升级7暴击8伤害9等级a核
34	12642 22711	10	   	278.50	橙4易伤2时间2等级1伤害	129a易伤3伤害4加一5a时间6立即金币7核8a等级a序列升级
35	12642 42711	10	   	278.50	橙4易伤2时间2等级1伤害	129a易伤3伤害4加一5a时间6双倍矿7核8a等级a序列升级
36	12643 32711	10	   	278.50	橙4易伤2时间2等级1伤害	129a易伤3伤害4加一5双倍矿6a时间7核8a等级a序列升级
37	12511 42253	2	   	277.98	橙5易伤2时间1伤害	12345易伤4序列升级6伤害7核89时间a矿等
38	14113 22213	1	   	277.91	橙3易伤3时间2伤害1攻速	16a易伤25a时间3攻速46伤害6a序列升级7核8a低血量敌人9双倍矿
39	14113 22263	1	   	277.91	橙3易伤3时间2伤害1攻速	16a易伤25a时间3攻速46伤害6a序列升级7核89a低血量敌人
40	12511 42251	2	   	277.88	橙5易伤2时间1伤害	12345易伤4序列升级6伤害7核89时间a掉矿
41	14424 21213	9	   	277.47	橙3易伤3时间2伤害1攻速1卖塔	179易伤2攻速3卖塔4挖青578时间67伤害7序列升级a核
42	12634 12262	2	   	277.29	橙4易伤3伤害1时间	125a易伤3赏金邻近45a伤害5a序列升级6最后敌人7核8时间9a金币生成
43	12634 22352	2	   	277.29	橙4易伤3伤害1时间	125a易伤3赏金邻近45a伤害5a序列升级6时间7核8金币生成9a最后敌人
44	11413 22332	1	   	277.26	橙2易伤3时间2伤害2攻速1等级	16易伤29攻速358时间46伤害6序列升级7核a等级
45	14113 22332	1	   	277.26	橙2易伤3时间2伤害2攻速1等级	16易伤258时间39攻速46伤害6序列升级7核a等级
46	14413 22332	2	   	277.26	橙2易伤3时间2伤害2攻速1等级	16易伤29攻速358时间46伤害6序列升级7核a等级
47	12615 16233	6	   	277.19	橙4易伤3伤害1等级	125a易伤357伤害4平台5序列升级6等级8额外掉落9核
48	12634 22322	2	   	277.09	橙4易伤3伤害1时间	125a易伤3赏金邻近45a伤害5a序列升级6时间7核8金币生成9a挖尘
49	12654 22322	3	   	277.09	橙4易伤3伤害1时间	125a易伤35a伤害4赏金邻近5a序列升级6时间7核8金币生成9a挖尘
50	11413 22331	1	   	276.67	橙2易伤3伤害3时间2攻速	16易伤29攻速358时间46a伤害6序列升级7核
51	14113 22331	1	   	276.67	橙2易伤3伤害3时间2攻速	16易伤258时间39攻速46a伤害6序列升级7核
52	14413 22331	2	   	276.67	橙2易伤3伤害3时间2攻速	16易伤29攻速358时间46a伤害6序列升级7核
53	12615 22248	6	   	276.22	橙4易伤2伤害2时间	125a易伤35伤害4平台5a序列升级6a时间7加一8a金币生成9核
54	14331 26313	1	   	276.22	橙4易伤2伤害2时间	134a易伤2a时间5最后敌人6核7策反8a伤害9双倍矿a序列升级
55	14335 26313	1	   	276.22	橙4易伤2伤害2时间	134a易伤2a时间5低血量敌人6核7策反8a伤害9双倍矿a序列升级
56	12231 26426	5	   	276.12	橙4易伤2伤害2时间	128a易伤38掉矿4a矿等5挖尘6核78伤害8a序列升级9a时间
57	12512 22811	10	   	276.12	橙4易伤2伤害2时间	129a易伤3矿等4加一5a时间6立即金币7核8a伤害a序列升级
58	12512 42811	10	   	276.12	橙4易伤2伤害2时间	129a易伤3矿等4加一5a时间6双倍矿7核8a伤害a序列升级
59	12615 32233	10	   	276.12	橙4易伤2伤害2时间	1256易伤35伤害4平台5序列升级7最后敌人89时间a核
60	12615 35233	10	   	276.12	橙4易伤2伤害2时间	1256易伤35伤害4平台5序列升级7低血量敌人89时间a核
61	12634 22312	2	   	276.12	橙4易伤2伤害2时间	125a易伤3赏金邻近45伤害5a序列升级6a时间7核8a金币生成9加一
62	12654 22312	3	   	276.12	橙4易伤2伤害2时间	125a易伤35伤害4赏金邻近5a序列升级6a时间7核8a金币生成9加一
63	12513 32811	10	   	276.12	橙4易伤2伤害2时间	129a易伤3矿等4加一5双倍矿6a时间7核8a伤害a序列升级
64	12516 32811	10	   	276.12	橙4易伤2伤害2时间	129a易伤35矿等4加一6a时间7核8a伤害a序列升级
65	12318 63333	2	   	276.02	橙4易伤2伤害2时间	128a易伤3低血量敌人4加一5a伤害6核7a时间9挖青a序列升级
66	13314 63333	2	   	276.02	橙4易伤2伤害2时间	138a易伤2最后敌人4加一5a伤害6核7a时间9挖青a序列升级
67	12512 72742	5	   	276.02	橙4易伤2伤害2时间	129a易伤3矿等4加一5a时间6赏金塔7核8a伤害a序列升级
68	12615 33233	10	   	276.02	橙4易伤2伤害2时间	1256易伤35伤害4平台5序列升级7挖尘89时间a核
69	12615 22342	6	   	276.02	橙4易伤2伤害2时间	1258易伤35伤害4平台5序列升级6a时间7加一9核
70	12212 72742	5	   	275.92	橙4易伤2伤害2时间	129a易伤3掉矿4加一5a时间6赏金塔7核8a伤害a序列升级
71	12135 21148	5	   	275.80	橙4易伤3伤害2雷电	127a易伤3a雷电48a伤害5额外掉落6核9加一a序列升级
72	12615 22348	6	   	275.09	橙4易伤2伤害1时间1暴击	1258易伤35伤害4平台5序列升级6时间7加一9核a暴击
73	12317 67242	1	   	274.99	橙4易伤2伤害1时间1暴击	1569易伤2赏金邻近35伤害4加一5序列升级7核8时间a暴击
74	11413 22213	1	   	274.90	橙3易伤2伤害2时间2攻速	16a易伤2a攻速35时间46伤害6a序列升级7核8a低血量敌人9双倍矿
75	11413 22263	1	   	274.90	橙3易伤2伤害2时间2攻速	16a易伤2a攻速35时间46伤害6a序列升级7核89a低血量敌人
76	14413 22213	2	   	274.90	橙3易伤2伤害2时间2攻速	16a易伤2a攻速35时间46伤害6a序列升级7核8a低血量敌人9双倍矿
77	14413 22263	2	   	274.90	橙3易伤2伤害2时间2攻速	16a易伤2a攻速35时间46伤害6a序列升级7核89a低血量敌人
78	12511 42213	2	   	274.40	橙5易伤1伤害1时间1攻速	12345易伤4序列升级6伤害7核8时间9敌人爆炸a攻速
79	12511 42224	2	   	274.40	橙5易伤1伤害1时间1攻速	12345易伤4序列升级6伤害7核8时间9基地爆炸a攻速
80	12511 42232	2	   	274.40	橙5易伤1伤害1时间1攻速	12345易伤4序列升级6伤害7核8时间9攻速a最后敌人
81	12511 42243	2	   	274.40	橙5易伤1伤害1时间1攻速	12345易伤4序列升级6伤害7核8时间9最后敌人a攻速
82	12511 42353	2	   	274.40	橙5易伤1伤害1时间1攻速	12345易伤4序列升级6伤害7核8敌人爆炸9时间a攻速
83	12511 42233	2	   	274.30	橙5易伤1伤害1时间1攻速	12345易伤4序列升级6伤害7核8时间9攻速a赏金塔
84	12511 42234	2	   	274.30	橙5易伤1伤害1时间1攻速	12345易伤4序列升级6伤害7核8时间9攻速a赏金邻近
