0	Index      	Bounty	 *	Score 	Summary	Detail	
1	34511 52222	10	 * 	262.92	橙3易伤3伤害1时间1卖塔	178策反2卖塔378易伤4雷电5金币生成678伤害78序列升级9时间a核
2	33226 16211	7	 * 	258.88	橙3易伤3时间1伤害1全技能	18策反2伤害389时间4立即金币58a易伤6全技能7核8序列升级
3	14334 21136	1	 * 	257.40	橙4易伤1伤害1等级1暴击	1基地爆炸2459易伤3伤害6掉矿7暴击8核a等级
4	13335 61422	2	 * 	257.09	紫5易伤2伤害1时间	1基地爆炸2核35伤害4578a易伤5序列升级6时间9雷电
5	23335 61422	2	   	257.09	紫5易伤2伤害1时间	1敌人爆炸2核35伤害4578a易伤5序列升级6时间9雷电
6	53223 52432	10	 * 	254.55	橙3易伤3伤害1时间	1随机矿28敌人爆炸3时间48a伤害589易伤6核7双倍物品8序列升级
7	53223 52431	9	 * 	253.48	橙3易伤2伤害2时间	1随机矿28敌人爆炸3a时间48伤害589易伤6核7双倍物品8序列升级
8	53223 53321	9	   	253.34	橙3易伤2伤害2时间1卖塔	1随机矿29敌人爆炸3a时间49伤害579易伤6核8卖塔9序列升级
9	33226 16242	7	   	252.59	橙2易伤2伤害2时间1等级1全技能	18策反29伤害38时间4立即金币58易伤6全技能7核8序列升级a等级
10	53223 53322	10	   	252.40	橙3易伤2伤害1时间1暴击1卖塔	1随机矿29敌人爆炸3时间49伤害579易伤6核8卖塔9序列升级a暴击
11	14333 34134	1	   	251.91	橙4易伤1伤害1等级1卖塔	1基地爆炸2469易伤3伤害5卖塔7等级8核a雷电
12	22335 43251	1	   	249.82	橙3易伤3时间1攻速1全技能	18敌人爆炸2攻速348易伤58a时间6全技能7随机矿8序列升级9核
13	53223 53326	10	   	249.76	橙3易伤2伤害1时间1攻速1卖塔	1随机矿29敌人爆炸3时间49伤害579易伤6核8卖塔9序列升级a攻速
14	33226 16241	7	 * 	249.56	橙2易伤3时间2伤害1全技能	18策反29伤害38a时间4立即金币58易伤6全技能7核8序列升级
15	33226 12411	4	   	249.46	橙2易伤3时间2伤害1全技能	1策反25伤害359时间4立即金币5序列升级6全技能7核8a易伤
16	33236 12411	3	   	249.46	橙2易伤3时间2伤害1全技能	1策反25伤害359时间4立即金币5序列升级6全技能7核8a易伤
17	14334 21134	1	   	249.46	橙4易伤1伤害1暴击	1基地爆炸2459易伤3伤害6掉矿7暴击8核a雷电
18	24334 31121	1	   	249.45	橙3易伤2时间1伤害1暴击	1敌人爆炸245易伤3伤害6策反7暴击8核9a时间
19	12334 22225	1	 * 	248.71	橙4易伤2攻速1伤害	1基地爆炸28攻速3457易伤6掉矿9伤害a核
20	12334 21136	1	   	248.34	橙4易伤1等级1暴击1攻速	1基地爆炸2攻速3459易伤6掉矿7暴击8核a等级
21	13335 21442	2	 * 	248.19	紫5易伤3伤害	1基地爆炸2核359伤害4578a易伤5序列升级6最后敌人
22	13335 31442	2	   	248.19	紫5易伤3伤害	1基地爆炸2核359伤害4578a易伤5序列升级6敌人爆炸
23	23335 21442	2	   	248.19	紫5易伤3伤害	1敌人爆炸2核359伤害4578a易伤5序列升级6最后敌人
24	14333 34136	1	 * 	247.32	橙4易伤2等级1伤害1卖塔	1基地爆炸2469易伤3伤害5卖塔7a等级8核
25	23335 42411	2	 * 	247.10	紫3易伤2伤害2时间1等级1全技能	1敌人爆炸2核35伤害458易伤5序列升级6全技能7等级9a时间
26	14335 33524	1	   	247.01	橙3易伤2伤害1时间	1基地爆炸248易伤36伤害5时间7加一9雷电a核
27	54313 31162	8	 * 	246.81	橙4易伤2暴击1攻速	1随机矿2a暴击379a易伤4雷电5攻速6a挖尘8核a序列升级
28	12334 14532	1	   	246.80	橙3易伤2时间1伤害1攻速	1基地爆炸2攻速345易伤6敌人爆炸7a时间8伤害9核
29	12335 11532	1	   	246.80	橙3易伤2时间1伤害1攻速	1基地爆炸2攻速347易伤5a时间6敌人爆炸8伤害9核
30	12335 21532	1	   	246.80	橙3易伤2时间1伤害1攻速	1基地爆炸2攻速347易伤5a时间6最后敌人8伤害9核
31	14335 11532	1	   	246.80	橙3易伤2时间1伤害1攻速	1基地爆炸247易伤3伤害5a时间6敌人爆炸8攻速9核
32	14335 21532	1	   	246.80	橙3易伤2时间1伤害1攻速	1基地爆炸247易伤3伤害5a时间6最后敌人8攻速9核
33	22334 51532	1	   	246.80	橙3易伤2时间1伤害1攻速	1敌人爆炸2攻速345易伤6a时间7最后敌人8伤害9核
34	22334 52532	1	   	246.80	橙3易伤2时间1伤害1攻速	1敌人爆炸2攻速345易伤6a时间7基地爆炸8伤害9核
35	22336 61532	1	   	246.80	橙3易伤2时间1伤害1攻速	1敌人爆炸2攻速347易伤5基地爆炸6a时间8伤害9核
36	24216 52331	1	 * 	246.75	橙2易伤2伤害2攻速1时间1暴击	1敌人爆炸2a易伤3时间4挖尘5a攻速6暴击7核8赏金邻近9a伤害a序列升级
37	12335 61532	1	   	246.70	橙3易伤2时间1伤害1攻速	1基地爆炸2攻速347易伤5a时间6挖尘8伤害9核
38	22335 61532	1	   	246.70	橙3易伤2时间1伤害1攻速	1敌人爆炸2攻速347易伤5a时间6挖尘8伤害9核
39	14333 36121	1	   	246.55	橙3易伤2时间1伤害1攻速1卖塔	1基地爆炸246易伤3伤害5卖塔7攻速8核9a时间
40	24333 36121	1	   	246.55	橙3易伤2时间1伤害1攻速1卖塔	1敌人爆炸246易伤3伤害5卖塔7攻速8核9a时间
41	24334 31133	1	   	245.86	橙3易伤1伤害1时间1暴击1攻速	1敌人爆炸245易伤3伤害6策反7暴击8核9攻速a时间
42	24333 31413	1	 * 	245.05	橙4易伤2伤害1卖塔	179敌人爆炸2467易伤37伤害5卖塔7序列升级8赏金塔a核
43	52321 31364	5	 * 	245.01	橙2易伤3伤害2等级1暴击	1随机矿2a等级35a伤害4金币生成6核7暴击8a易伤9赏金塔a序列升级
44	23335 61342	2	   	244.90	紫4易伤3伤害1时间	18敌人爆炸2核359伤害457a易伤5序列升级6时间
45	13335 63624	2	   	244.60	紫3易伤2伤害2时间1暴击1全技能	18基地爆炸2核35伤害458易伤58序列升级68时间7加一9暴击a全技能
46	12335 32126	1	   	244.45	橙2易伤2时间1伤害1等级1攻速	1基地爆炸2攻速34易伤5a时间6伤害7雷电8等级9核
47	13335 61421	2	   	244.10	紫4易伤2伤害1时间2雷电	1基地爆炸2核35伤害4578易伤5序列升级6时间9a雷电
48	23335 61421	2	   	244.10	紫4易伤2伤害1时间2雷电	1敌人爆炸2核35伤害4578易伤5序列升级6时间9a雷电
49	53223 53612	8	   	244.10	橙3易伤2时间1伤害	1随机矿2敌人爆炸3a时间4伤害578易伤6核9雷电
50	33266 31422	7	   	244.00	橙3易伤2时间1伤害	1策反2伤害35时间4掉矿6核78a易伤9雷电
51	13335 63612	2	 * 	243.93	紫4易伤2伤害2时间	18基地爆炸2核35伤害458a易伤58序列升级68时间7加一9低血量敌人
52	23211 62243	5	   	243.93	紫4易伤2伤害2时间	147敌人爆炸2核389a易伤58伤害68时间8序列升级
53	23511 52243	6	   	243.93	紫4易伤2伤害2时间	147敌人爆炸2核38时间58伤害689a易伤8序列升级
54	52235 44247	4	   	243.75	橙4易伤1伤害1等级	1随机矿2等级3加一4金币生成567a易伤8伤害9核
55	14333 34135	1	   	243.61	橙4易伤1伤害1等级1卖塔	1基地爆炸2469易伤3伤害5卖塔7等级8核a立即金币
56	13335 21416	2	   	243.54	紫5易伤2伤害1攻速	1基地爆炸2核35伤害4578a易伤5序列升级6最后敌人9攻速
57	13335 31416	2	   	243.54	紫5易伤2伤害1攻速	1基地爆炸2核35伤害4578a易伤5序列升级6敌人爆炸9攻速
58	23335 21416	2	   	243.54	紫5易伤2伤害1攻速	1敌人爆炸2核35伤害4578a易伤5序列升级6最后敌人9攻速
59	14333 32136	1	   	243.51	橙4易伤1伤害1等级1卖塔	1基地爆炸2469易伤3伤害5卖塔7掉矿8核a等级
60	14333 34132	1	   	243.51	橙4易伤1伤害1等级1卖塔	1基地爆炸2469易伤3伤害5卖塔7等级8核a挖尘
61	14333 34133	1	   	243.51	橙4易伤1伤害1等级1卖塔	1基地爆炸2469易伤3伤害5卖塔7等级8核a掉矿
62	14333 34162	1	   	243.51	橙4易伤1伤害1等级1卖塔	1基地爆炸246a易伤3伤害5卖塔7等级8核9赏金塔
63	24333 34162	1	   	243.51	橙4易伤1伤害1等级1卖塔	1敌人爆炸246a易伤3伤害5卖塔7等级8核9赏金塔
64	33226 16216	7	   	242.98	橙2易伤3时间1伤害1攻速1全技能	18策反2伤害389时间4立即金币58易伤6全技能7核8序列升级a攻速
65	12333 34134	1	   	242.85	橙4易伤1等级1攻速1卖塔	1基地爆炸2攻速3469易伤5卖塔7等级8核a雷电
66	13335 61432	2	   	242.80	紫4易伤2伤害1时间1暴击	1基地爆炸2核35伤害4578易伤5序列升级6时间9加一a暴击
67	23335 61432	2	   	242.80	紫4易伤2伤害1时间1暴击	1敌人爆炸2核35伤害4578易伤5序列升级6时间9加一a暴击
68	53243 12162	10	   	242.72	橙2易伤2伤害2时间1等级	1随机矿2敌人爆炸39时间4等级56易伤78伤害a核
69	52213 63148	8	 * 	242.61	橙3易伤2伤害2等级	1随机矿2a等级3加一4敌人爆炸57a易伤6核8立即金币9a伤害a序列升级
70	52213 63448	7	   	242.61	橙3易伤2伤害2等级	18随机矿2a等级3加一4敌人爆炸57a易伤6核9a伤害a序列升级
71	52213 63714	8	 * 	242.46	橙4易伤2等级2雷电	1随机矿2a等级3加一4敌人爆炸578a易伤6核9a雷电a序列升级
72	53223 13124	7	 * 	242.28	橙2易伤3时间1伤害2暴击	1随机矿28敌人爆炸389时间4伤害56易伤78暴击8序列升级a核
73	14333 36136	1	   	242.18	橙3易伤2攻速1伤害1等级1卖塔	1基地爆炸246易伤3伤害5卖塔79攻速8核a等级
74	24333 36136	1	   	242.18	橙3易伤2攻速1伤害1等级1卖塔	1敌人爆炸246易伤3伤害5卖塔79攻速8核a等级
75	33266 31142	8	 * 	242.03	橙2易伤3伤害2时间	1策反289伤害35时间4掉矿6核7a易伤
76	33315 54213	8	   	241.61	橙2易伤2伤害2等级1时间1全技能	1策反2a伤害3掉矿4全技能5时间6核7a易伤8低血量敌人9a等级a序列升级
77	33642 11352	2	   	241.29	橙2易伤2伤害2时间2雷电1卖塔	1a策反2a伤害35雷电4卖塔68易伤7核9a时间a序列升级
78	24334 31116	1	   	241.25	橙4易伤1伤害1暴击	1敌人爆炸245a易伤3伤害6策反7暴击8核9低血量敌人
79	14334 21135	1	   	241.15	橙4易伤1伤害1暴击	1基地爆炸2459易伤3伤害6掉矿7暴击8核a立即金币
80	24334 31162	1	   	241.15	橙4易伤1伤害1暴击	1敌人爆炸245a易伤3伤害6策反7暴击8核9赏金塔
81	14334 21132	1	   	241.05	橙4易伤1伤害1暴击	1基地爆炸2459易伤3伤害6掉矿7暴击8核a挖尘
82	14334 21133	1	   	241.05	橙4易伤1伤害1暴击	1基地爆炸2459易伤3伤害6a掉矿7暴击8核
83	14334 21162	1	   	241.05	橙4易伤1伤害1暴击	1基地爆炸245a易伤3伤害6掉矿7暴击8核9赏金塔
84	54333 23125	8	   	241.01	橙4易伤1伤害1暴击1卖塔	1随机矿2暴击3568易伤4卖塔7最后敌人9伤害a核
85	13335 21422	2	   	240.84	紫5易伤2伤害	1基地爆炸2核35伤害4578a易伤5序列升级6最后敌人9雷电
86	13335 31422	2	   	240.84	紫5易伤2伤害	1基地爆炸2核35伤害4578a易伤5序列升级6敌人爆炸9雷电
87	23265 21422	3	   	240.84	紫5易伤2伤害	1敌人爆炸2核3578a易伤45伤害5序列升级6最后敌人9雷电
88	23335 21422	2	   	240.84	紫5易伤2伤害	1敌人爆炸2核35伤害4578a易伤5序列升级6最后敌人9雷电
89	12334 14531	1	   	240.52	橙3易伤1伤害1时间1攻速	1基地爆炸2攻速345易伤6敌人爆炸7时间8伤害9核a雷电
90	12335 11531	1	   	240.52	橙3易伤1伤害1时间1攻速	1基地爆炸2攻速347易伤5时间6敌人爆炸8伤害9核a雷电
91	12335 21531	1	   	240.52	橙3易伤1伤害1时间1攻速	1基地爆炸2攻速347易伤5时间6最后敌人8伤害9核a雷电
92	14335 11531	1	   	240.52	橙3易伤1伤害1时间1攻速	1基地爆炸247易伤3伤害5时间6敌人爆炸8攻速9核a雷电
93	14335 21531	1	   	240.52	橙3易伤1伤害1时间1攻速	1基地爆炸247易伤3伤害5时间6最后敌人8攻速9核a雷电
94	22334 51531	1	   	240.52	橙3易伤1伤害1时间1攻速	1敌人爆炸2攻速345易伤6时间7最后敌人8伤害9核a雷电
95	22334 52531	1	   	240.52	橙3易伤1伤害1时间1攻速	1敌人爆炸2攻速345易伤6时间7基地爆炸8伤害9核a雷电
96	22336 61531	1	   	240.52	橙3易伤1伤害1时间1攻速	1敌人爆炸2攻速347易伤5基地爆炸6时间8伤害9核a雷电
97	13335 61152	2	   	240.50	紫3易伤2伤害2时间1攻速	1基地爆炸2核35伤害457易伤5序列升级6a时间8雷电9攻速
98	13335 61512	2	   	240.50	紫3易伤2伤害2时间1攻速	1基地爆炸2核35伤害457易伤5序列升级6a时间8攻速9雷电
99	23335 61152	2	   	240.50	紫3易伤2伤害2时间1攻速	1敌人爆炸2核35伤害457易伤5序列升级6a时间8雷电9攻速
100	23335 61512	2	   	240.50	紫3易伤2伤害2时间1攻速	1敌人爆炸2核35伤害457易伤5序列升级6a时间8攻速9雷电
101	23335 46221	2	   	240.43	紫3易伤3伤害1等级1全技能	18敌人爆炸2核358伤害458易伤58序列升级6全技能7随机矿9雷电a等级
102	23335 46222	2	   	240.43	紫3易伤3伤害1时间1全技能	18敌人爆炸2核358伤害458易伤58序列升级6全技能7随机矿9雷电a时间
103	12335 61531	1	   	240.42	橙3易伤1伤害1时间1攻速	1基地爆炸2攻速347易伤5时间6挖尘8伤害9核a雷电
104	22335 61531	1	   	240.42	橙3易伤1伤害1时间1攻速	1敌人爆炸2攻速347易伤5时间6挖尘8伤害9核a雷电
105	24334 53121	1	   	240.42	橙3易伤1伤害1时间1攻速	1敌人爆炸245易伤3伤害6时间7加一8雷电9核a攻速
106	12334 21134	1	   	240.40	橙4易伤1暴击1攻速	1基地爆炸2攻速3459易伤6掉矿7暴击8核a雷电
107	22334 31121	1	   	240.39	橙3易伤2时间1暴击1攻速	1敌人爆炸2攻速345易伤6策反7暴击8核9a时间
108	13335 61411	2	   	240.25	紫4易伤2伤害1时间1攻速	1基地爆炸2核35伤害4578易伤5序列升级6时间9攻速a金币生成
109	13335 61412	2	   	240.25	紫4易伤2伤害1时间1攻速	1基地爆炸2核35伤害4578易伤5序列升级6时间9攻速a最后敌人
110	23335 61316	2	   	240.25	紫4易伤2伤害1时间1攻速	18敌人爆炸2核35伤害457a易伤5序列升级6时间9攻速
111	23335 61411	2	   	240.25	紫4易伤2伤害1时间1攻速	1敌人爆炸2核35伤害4578易伤5序列升级6时间9攻速a金币生成
112	23335 61412	2	   	240.25	紫4易伤2伤害1时间1攻速	1敌人爆炸2核35伤害4578易伤5序列升级6时间9攻速a最后敌人
113	31223 14155	8	   	240.22	橙2易伤2伤害2时间1暴击	1策反2挖尘39时间49伤害5敌人爆炸69易伤7暴击8最后敌人9序列升级a核
114	13335 61413	2	   	240.15	紫4易伤2伤害1时间1攻速	1基地爆炸2核35伤害4578易伤5序列升级6时间9攻速a赏金塔
115	23335 61413	2	   	240.15	紫4易伤2伤害1时间1攻速	1敌人爆炸2核35伤害4578易伤5序列升级6时间9攻速a赏金塔
116	53223 53431	7	   	240.12	橙2易伤2伤害2时间1暴击	1随机矿2敌人爆炸3a时间49伤害57易伤6核8暴击
117	16325 33252	9	   	240.12	橙2易伤2伤害2时间1暴击	1基地爆炸2a挖尘3低血量敌人46伤害5a时间7暴击8a易伤9核a序列升级
118	33226 22245	4	   	240.12	橙2易伤2伤害2时间1暴击	1策反25伤害35时间4立即金币5序列升级6赏金塔7暴击89易伤a核
119	33236 22245	3	   	240.12	橙2易伤2伤害2时间1暴击	1策反25伤害35时间4立即金币5序列升级6赏金塔7暴击89易伤a核
120	12335 32121	1	   	240.07	橙2易伤2攻速1伤害1等级1时间	1基地爆炸2a攻速34易伤5时间6伤害7雷电8等级9核
121	54322 42132	9	 * 	239.98	橙3易伤1伤害2暴击2雷电	1随机矿2a暴击39a易伤4最后敌人5立即金币6伤害7a雷电8核a序列升级
122	33216 53152	7	   	239.90	橙2易伤3时间2伤害	18策反29伤害38a时间4敌人爆炸5基地爆炸6核78易伤8序列升级
123	23565 13322	9	 * 	239.83	紫2易伤3伤害2时间1等级1暴击	1敌人爆炸2核35时间458伤害5序列升级6等级7暴击9a易伤
124	33347 14624	1	   	239.80	橙2易伤3时间2伤害	18策反2低血量敌人38伤害4加一568时间7核8序列升级9a易伤
125	53223 52221	7	   	239.80	橙2易伤3时间2伤害	1随机矿28敌人爆炸39a时间48伤害58易伤6核7双倍物品8序列升级
126	53223 52421	8	   	239.80	橙2易伤3时间2伤害	1随机矿28敌人爆炸39a时间48伤害58易伤6核7双倍物品8序列升级
127	33566 32222	7	   	239.80	橙2易伤3时间2伤害	136策反28伤害489时间58易伤7双倍物品8序列升级a核
128	13335 21443	2	   	239.65	紫4易伤3伤害1攻速	1基地爆炸2核359伤害4578易伤5序列升级6最后敌人a攻速
129	13335 31443	2	   	239.65	紫4易伤3伤害1攻速	1基地爆炸2核359伤害4578易伤5序列升级6敌人爆炸a攻速
130	23335 21443	2	   	239.65	紫4易伤3伤害1攻速	1敌人爆炸2核359伤害4578易伤5序列升级6最后敌人a攻速
131	35613 13135	1	   	239.18	橙3易伤1伤害1等级1全技能	1策反2全技能3等级4额外掉落56a易伤7雷电8核9伤害
132	33313 54223	10	   	239.08	橙3易伤1伤害1时间1全技能	1策反2伤害3掉矿4全技能57a易伤6核8雷电9时间
133	53223 52433	10	   	238.90	橙3易伤2伤害1时间	1随机矿28敌人爆炸3时间48伤害589易伤6核7双倍物品8序列升级a基地爆炸
134	53223 52433	9	   	238.90	橙3易伤2伤害1时间	1随机矿28敌人爆炸3时间48伤害589易伤6核7双倍物品8序列升级a最后敌人
135	53223 53252	8	   	238.90	橙3易伤2伤害1时间	1随机矿29敌人爆炸3时间49伤害579易伤6核8平台9序列升级a双倍物品
136	53223 53253	8	   	238.90	橙3易伤2伤害1时间	1随机矿29敌人爆炸3时间49伤害579易伤6核8平台9序列升级a掉矿
137	53223 52431	10	   	238.80	橙3易伤2伤害1时间	1随机矿28敌人爆炸3时间48伤害589易伤6核7双倍物品8序列升级a挖尘
138	33226 25126	5	   	238.79	橙2易伤2时间1伤害1等级1暴击	1策反2伤害39时间4立即金币57易伤6暴击8核a等级
139	53223 53251	8	   	238.75	橙3易伤2伤害1时间1卖塔	1随机矿29敌人爆炸3时间49伤害579易伤6核8平台9序列升级a卖塔
140	53223 53321	10	   	238.75	橙3易伤2伤害1时间1卖塔	1随机矿29敌人爆炸3时间49伤害579易伤6核8卖塔9序列升级a平台
141	53223 53323	10	   	238.75	橙3易伤2伤害1时间1卖塔	1随机矿29敌人爆炸3时间49伤害579易伤6核8卖塔9序列升级a基地爆炸
142	53223 53324	9	   	238.75	橙3易伤2伤害1时间1卖塔	1随机矿29敌人爆炸3时间49伤害579易伤6核8卖塔9序列升级a低血量敌人
143	53223 53325	10	   	238.75	橙3易伤2伤害1时间1卖塔	1随机矿29敌人爆炸3时间49伤害579易伤6核8卖塔9序列升级a最后敌人
144	53223 53326	9	   	238.75	橙3易伤2伤害1时间1卖塔	1随机矿29敌人爆炸3时间49伤害579易伤6核8卖塔9序列升级a金币生成
145	53623 53321	9	   	238.75	橙3易伤2伤害1时间1卖塔	1随机矿29敌人爆炸3最后敌人49伤害579易伤6核8卖塔9序列升级a时间
146	22326 53141	1	   	238.75	橙2易伤3伤害1时间1攻速	168敌人爆炸2攻速38易伤458伤害7平台8序列升级9时间a核
147	31335 43251	2	   	238.72	橙3易伤3时间1全技能	18策反2挖尘348易伤58a时间6全技能7随机矿8序列升级9核
148	53223 53322	9	   	238.65	橙3易伤2伤害1时间1卖塔	1随机矿29敌人爆炸3时间49伤害579易伤6核8卖塔9序列升级a挖尘
149	53223 53323	9	   	238.65	橙3易伤2伤害1时间1卖塔	1随机矿29敌人爆炸3时间49伤害579易伤6核8卖塔9序列升级a掉矿
150	53223 53324	10	   	238.65	橙3易伤2伤害1时间1卖塔	1随机矿29敌人爆炸3时间49伤害579易伤6核8卖塔9序列升级a挖尘
151	53223 53325	9	   	238.65	橙3易伤2伤害1时间1卖塔	1随机矿29敌人爆炸3时间49伤害579易伤6核8卖塔9序列升级a加一
152	53223 53343	8	   	238.65	橙3易伤2伤害1时间1卖塔	1随机矿2a敌人爆炸3时间4a伤害57a易伤6核8卖塔9赏金邻近a序列升级
153	13335 53482	2	   	238.61	紫3易伤3伤害1等级1时间	18基地爆炸2核358伤害458易伤58序列升级6立即金币7加一9等级a时间
154	13335 43213	2	   	238.51	紫4易伤3伤害1全技能	189基地爆炸2核358伤害458a易伤58序列升级6全技能7随机矿
155	23335 46231	2	   	238.51	紫4易伤3伤害1全技能	18敌人爆炸2核358伤害4589易伤58序列升级6全技能7随机矿a金币生成
156	23335 46232	2	   	238.51	紫4易伤3伤害1全技能	18敌人爆炸2核358伤害4589易伤58序列升级6全技能7随机矿a基地爆炸
157	23335 46233	2	   	238.51	紫4易伤3伤害1全技能	18敌人爆炸2核358伤害4589易伤58序列升级6全技能7随机矿a矿等
158	12334 22125	1	   	238.51	橙4易伤1伤害1攻速	18基地爆炸2攻速3457易伤6掉矿9伤害a核
159	33123 42236	10	   	238.50	橙3易伤3伤害	179策反279伤害3随机矿479易伤5挖青6额外掉落79序列升级8立即金币a核
160	22334 62225	1	   	238.41	橙4易伤1伤害1攻速	1敌人爆炸2攻速3456易伤78掉矿9伤害a核
161	31243 13164	7	   	238.36	橙2易伤3时间2暴击1等级	18策反2挖尘389时间4等级56易伤78暴击8序列升级a核
162	14333 36116	1	   	238.36	橙4易伤1伤害1攻速1卖塔	1基地爆炸246a易伤3伤害5卖塔7攻速8核9低血量敌人
163	24333 36116	1	   	238.36	橙4易伤1伤害1攻速1卖塔	1敌人爆炸246a易伤3伤害5卖塔7攻速8核9低血量敌人
164	34532 21216	10	   	238.33	橙3易伤3时间1全技能2卖塔	1a策反24卖塔38a易伤5全技能69a时间7核a序列升级
165	12333 34136	1	   	238.26	橙4易伤2等级1攻速1卖塔	1基地爆炸2攻速3469易伤5卖塔7a等级8核
166	14333 36162	1	   	238.26	橙4易伤1伤害1攻速1卖塔	1基地爆炸246a易伤3伤害5卖塔7攻速8核9赏金塔
167	24333 36162	1	   	238.26	橙4易伤1伤害1攻速1卖塔	1敌人爆炸246a易伤3伤害5卖塔7攻速8核9赏金塔
168	33526 25231	2	   	238.20	橙3易伤3伤害	1a策反268伤害35a易伤4平台7赏金邻近9核a序列升级
169	21334 63232	3	   	238.10	橙3易伤3伤害	1敌人爆炸2立即金币3掉矿456易伤7核89a伤害
170	24634 13232	1	   	238.10	橙3易伤3伤害	16敌人爆炸245易伤3掉矿7核89a伤害
171	24634 33232	1	   	238.10	橙3易伤3伤害	1敌人爆炸245易伤3掉矿6立即金币7核89a伤害
172	33131 26635	10	   	238.10	橙3易伤3伤害1核弹	1策反257伤害3随机矿4核弹68a易伤9核
173	14634 23232	1	   	238.00	橙3易伤3伤害	1基地爆炸245易伤36掉矿7核89a伤害
174	13335 21426	2	   	237.55	紫4易伤2伤害1时间	1基地爆炸2核35伤害4578易伤5序列升级6最后敌人9雷电a时间
175	13335 61423	2	   	237.55	紫4易伤2伤害1时间	1a基地爆炸2核35伤害4578易伤5序列升级6时间9雷电
176	23265 61322	3	   	237.55	紫4易伤2伤害1时间	18敌人爆炸2核357a易伤45伤害5序列升级6时间9雷电
177	23335 21426	2	   	237.55	紫4易伤2伤害1时间	1敌人爆炸2核35伤害4578易伤5序列升级6最后敌人9雷电a时间
178	23335 34422	2	   	237.55	紫4易伤2伤害1时间	16敌人爆炸2核35伤害458a易伤5序列升级7时间9雷电
179	23335 61322	2	   	237.55	紫4易伤2伤害1时间	18敌人爆炸2核35伤害457a易伤5序列升级6时间9雷电
180	23335 61423	2	   	237.55	紫4易伤2伤害1时间	1敌人爆炸2核35伤害4578易伤5序列升级6时间9雷电a基地爆炸
181	23335 62422	2	   	237.55	紫4易伤2伤害1时间	17敌人爆炸2核35伤害458a易伤5序列升级6时间9雷电
182	23211 62245	5	   	237.54	紫3易伤2伤害2时间1等级	147敌人爆炸2核389易伤58伤害68时间8序列升级a等级
183	14335 31532	1	   	237.48	橙2易伤2伤害2时间1攻速	1基地爆炸24易伤36伤害5a时间7最后敌人8攻速9核
184	14335 32532	1	   	237.48	橙2易伤2伤害2时间1攻速	1基地爆炸24易伤36伤害5a时间7敌人爆炸8攻速9核
185	12223 53152	8	   	237.46	橙3易伤1伤害1等级1时间	1基地爆炸2金币生成3时间4伤害5敌人爆炸6核79a易伤8等级
186	22226 53152	8	   	237.46	橙3易伤1伤害1等级1时间	1敌人爆炸2金币生成3时间4伤害5基地爆炸6核79a易伤8等级
187	32326 53152	9	   	237.46	橙3易伤1伤害1等级1时间	1策反2最后敌人3低血量敌人4伤害5时间6核79a易伤8等级
188	13523 51422	6	   	237.45	紫4易伤2伤害1时间	1基地爆炸2核3时间45伤害678a易伤9雷电
189	33266 31116	8	   	237.38	橙2易伤2伤害2时间1攻速	1策反28伤害35时间4掉矿6核7a易伤9攻速
190	31241 21552	5	   	237.36	橙3易伤1伤害1等级1时间	1策反2挖尘3时间4等级5伤害6最后敌人79a易伤8核
191	31241 21552	6	   	237.36	橙3易伤1伤害1等级1时间	1策反2挖尘3时间4等级5伤害6最后敌人79a易伤8核
192	53235 31427	3	   	237.27	橙3易伤3时间	1随机矿2敌人爆炸35a时间458易伤5序列升级6雷电7加一9核
193	33642 31362	2	   	237.26	橙3易伤2伤害2雷电1卖塔	1a策反2a伤害35雷电4卖塔6挖尘7核89a易伤a序列升级
194	13533 12416	7	   	237.25	紫4易伤2时间1伤害1攻速	14基地爆炸2核34时间4序列升级568a易伤7伤害9攻速
195	14333 34151	1	   	237.22	橙3易伤1伤害1等级1时间1卖塔	1基地爆炸246易伤3伤害5卖塔7等级8核9低血量敌人a时间
196	24333 34121	1	   	237.22	橙3易伤1伤害1等级1时间1卖塔	1敌人爆炸246易伤3伤害5卖塔7等级8核9基地爆炸a时间
197	24333 34151	1	   	237.22	橙3易伤1伤害1等级1时间1卖塔	1敌人爆炸246易伤3伤害5卖塔7等级8核9低血量敌人a时间
198	33313 54431	7	   	237.16	橙4易伤1伤害1全技能	1策反2伤害3掉矿4全技能578a易伤6核9立即金币
199	24334 61123	1	   	237.16	橙4易伤1伤害1全技能	19敌人爆炸2456易伤3伤害7挖尘8全技能a核
200	63313 24431	5	   	237.16	橙4易伤1伤害1全技能	1金币生成2伤害3掉矿4全技能568a易伤7核9立即金币
201	14333 34111	1	   	237.12	橙3易伤1伤害1等级1时间1卖塔	1基地爆炸246易伤3伤害5卖塔7等级8核9挖青a时间
202	24333 34111	1	   	237.12	橙3易伤1伤害1等级1时间1卖塔	1敌人爆炸246易伤3伤害5卖塔7等级8核9挖青a时间
203	24333 34131	1	   	237.12	橙3易伤1伤害1等级1时间1卖塔	1敌人爆炸246易伤3伤害5卖塔7等级8核9加一a时间
204	33313 65644	9	   	237.06	橙4易伤1伤害1全技能	1策反2伤害3掉矿4全技能579a易伤6加一8核
205	13335 31426	2	   	236.96	紫4易伤3伤害	1基地爆炸2核35a伤害4578易伤5序列升级6敌人爆炸9雷电
206	13526 31532	6	 * 	236.94	紫3易伤3伤害2时间	18基地爆炸2核38时间469伤害5低血量敌人78a易伤8序列升级
207	13533 12142	8	   	236.84	紫3易伤3伤害2时间	14基地爆炸2核34时间4序列升级56a易伤789伤害
208	13523 55122	8	   	236.74	紫3易伤3伤害2时间	1基地爆炸2核39时间458伤害67a易伤
209	22335 43253	1	   	236.60	橙3易伤2时间1攻速1全技能	18敌人爆炸2攻速348易伤58时间6全技能7随机矿8序列升级9核a最后敌人
210	33313 54242	10	   	236.48	橙3易伤1伤害1暴击1全技能	1策反2伤害3掉矿4全技能57a易伤6核8雷电9暴击
211	33313 31313	5	   	236.48	橙3易伤1伤害1暴击1全技能	1策反2伤害3掉矿4全技能578易伤6暴击9核a雷电
212	12326 23353	1	   	236.44	橙2易伤2伤害1时间1暴击1攻速	1基地爆炸2攻速3a易伤45伤害6暴击7掉矿8时间9核
213	14326 23353	1	   	236.44	橙2易伤2伤害1时间1暴击1攻速	1基地爆炸2a易伤35伤害4攻速6暴击7掉矿8时间9核
214	22326 23353	1	   	236.44	橙2易伤2伤害1时间1暴击1攻速	1敌人爆炸2攻速3a易伤45伤害6暴击7掉矿8时间9核
215	24326 23353	1	   	236.44	橙2易伤2伤害1时间1暴击1攻速	1敌人爆炸2a易伤35伤害4攻速6暴击7掉矿8时间9核
216	12335 32125	1	   	236.41	橙2易伤1伤害1等级1时间2雷电1攻速	1基地爆炸2攻速34易伤5时间6伤害7a雷电8等级9核
217	53235 34112	3	   	236.37	橙2易伤3时间1等级1全技能	1随机矿2敌人爆炸35a时间45易伤5序列升级6雷电7全技能8等级9核
218	11536 16211	7	   	236.34	橙2易伤2伤害2时间1全技能	18基地爆炸2立即金币3策反48伤害58易伤6全技能7核8序列升级9a时间
219	21536 16211	7	   	236.34	橙2易伤2伤害2时间1全技能	18敌人爆炸2立即金币3策反48伤害58易伤6全技能7核8序列升级9a时间
220	33226 16243	7	   	236.34	橙2易伤2伤害2时间1全技能	18策反29伤害38时间4立即金币58易伤6全技能7核8序列升级a金币生成
221	53623 53322	10	   	236.16	橙3易伤2伤害1暴击1卖塔	1随机矿29敌人爆炸3最后敌人49伤害579易伤6核8卖塔9序列升级a暴击
222	33214 11532	3	   	236.14	橙2易伤2时间1伤害1等级1攻速	1策反2伤害3a时间4等级57易伤6敌人爆炸8攻速9核
223	33214 21532	3	   	236.14	橙2易伤2时间1伤害1等级1攻速	1策反2伤害3a时间4等级57易伤6最后敌人8攻速9核
224	53243 12532	7	   	236.14	橙2易伤2时间1伤害1等级1攻速	1随机矿2敌人爆炸3a时间4等级56易伤7伤害8攻速9核
225	32314 41532	2	   	236.14	橙2易伤2时间1伤害1等级1攻速	1策反2最后敌人3伤害4等级57易伤6a时间8攻速9核
226	33314 41532	1	   	236.14	橙2易伤2时间1伤害1等级1攻速	1策反2低血量敌人3伤害4等级57易伤6a时间8攻速9核
227	33226 12333	4	   	236.14	橙2易伤2伤害2时间1全技能	1策反25伤害35时间4立即金币5序列升级6全技能7核8赏金塔9a易伤
228	33236 12333	3	   	236.14	橙2易伤2伤害2时间1全技能	1策反25伤害35时间4立即金币5序列升级6全技能7核8赏金塔9a易伤
229	33566 12333	4	   	236.14	橙2易伤2伤害2时间1全技能	13策反25伤害45时间5序列升级6全技能7核8赏金塔9a易伤
230	31241 51532	6	   	236.04	橙2易伤2时间1伤害1等级1攻速	1策反2挖尘3a时间4等级5伤害67易伤8攻速9核
231	31243 12532	7	   	236.04	橙2易伤2时间1伤害1等级1攻速	1策反2挖尘3a时间4等级56易伤7伤害8攻速9核
232	31314 41532	1	   	236.04	橙2易伤2时间1伤害1等级1攻速	1策反2挖青3伤害4等级57易伤6a时间8攻速9核
233	12332 31136	1	   	236.01	橙3易伤2攻速1等级1暴击	1基地爆炸26攻速349易伤5矿等7暴击8核a等级
234	22334 31136	1	   	236.01	橙3易伤2攻速1等级1暴击	1敌人爆炸29攻速345易伤6策反7暴击8核a等级
235	21521 41838	2	   	235.90	橙3易伤2时间1伤害	19敌人爆炸2立即金币389易伤4加一5额外掉落6核79时间9序列升级a伤害
236	22334 61143	1	 * 	235.87	橙4易伤2全技能1攻速	1敌人爆炸2攻速3456易伤7挖尘89全技能a核
237	53223 53622	10	   	235.80	橙3易伤2时间1伤害	1随机矿29敌人爆炸3a时间4伤害578易伤6核
238	52335 31324	1	   	235.76	橙2易伤3时间1伤害1暴击	1随机矿2基地爆炸34易伤579时间6伤害8暴击a核
239	53223 11324	6	   	235.76	橙2易伤3时间1伤害1暴击	1随机矿2敌人爆炸379时间4伤害56易伤8暴击a核
240	24334 53432	1	   	235.70	橙3易伤2时间1伤害	1敌人爆炸245易伤3伤害6a时间7加一8随机矿9核
241	31223 13632	8	   	235.70	橙3易伤2时间1伤害	1策反2挖尘3a时间4伤害5敌人爆炸678易伤9核
242	31263 13632	8	   	235.70	橙3易伤2时间1伤害	1策反2挖尘3a时间4基地爆炸5伤害678易伤9核
243	31626 13632	8	   	235.70	橙3易伤2时间1伤害	1策反2挖尘3最后敌人4伤害5a时间678易伤9核
244	53223 53612	9	   	235.70	橙3易伤2时间1伤害	1随机矿2敌人爆炸3a时间4伤害578易伤6核9挖尘
245	24334 53232	1	   	235.60	橙3易伤2时间1伤害	1敌人爆炸245易伤3伤害6a时间7加一8掉矿9核
246	14333 32134	1	   	235.56	橙4易伤1伤害1卖塔	1基地爆炸2469易伤3伤害5卖塔7掉矿8核a雷电
247	12263 42116	2	   	235.47	橙3易伤1等级1时间1全技能	16基地爆炸2金币生成3雷电4全技能56a易伤6序列升级7时间8等级9核
248	13263 42116	1	   	235.47	橙3易伤1等级1时间1全技能	16基地爆炸2金币生成3雷电4全技能56a易伤6序列升级7时间8等级9核
249	12232 41116	3	   	235.37	橙3易伤1等级1时间1全技能	1基地爆炸2金币生成3时间47a易伤5雷电6全技能8等级9核
250	14222 41116	1	   	235.37	橙3易伤1等级1时间1全技能	1基地爆炸27a易伤3时间4金币生成5雷电6全技能8等级9核
251	22232 41116	3	   	235.37	橙3易伤1等级1时间1全技能	1敌人爆炸2金币生成3时间47a易伤5雷电6全技能8等级9核
252	22632 41116	2	   	235.37	橙3易伤1等级1时间1全技能	1敌人爆炸2金币生成3时间47a易伤5雷电6全技能8等级9核
253	23632 41116	1	   	235.37	橙3易伤1等级1时间1全技能	1敌人爆炸2金币生成3时间47a易伤5雷电6全技能8等级9核
254	24222 41116	1	   	235.37	橙3易伤1等级1时间1全技能	1敌人爆炸27a易伤3时间4金币生成5雷电6全技能8等级9核
255	53232 24116	3	   	235.37	橙3易伤1等级1时间1全技能	1随机矿2敌人爆炸3时间46a易伤5雷电7全技能8等级9核
256	61232 41116	3	   	235.27	橙3易伤1等级1时间1全技能	1金币生成2挖尘3时间47a易伤5雷电6全技能8等级9核
257	31243 13355	8	   	235.11	橙2易伤1伤害1等级1时间1暴击1攻速	1策反2挖尘3时间4等级56易伤7暴击8伤害9核a攻速
258	53235 31421	3	   	235.04	橙3易伤2时间1攻速	1随机矿2敌人爆炸35时间458易伤5序列升级6雷电7加一9核a攻速
259	33216 53151	7	   	234.98	橙2易伤2伤害2时间	18策反29伤害38时间4敌人爆炸5基地爆炸6核78易伤8序列升级a雷电
260	21335 12154	1	   	234.96	橙3易伤1伤害1等级1暴击	156敌人爆炸2最后敌人3伤害458易伤5序列升级7暴击9等级a核
261	22334 53127	1	   	234.94	橙3易伤2时间1攻速	1敌人爆炸2攻速345易伤6a时间7加一8雷电9核
262	13335 63623	2	   	234.94	紫3易伤2伤害2时间1暴击	18基地爆炸2核35伤害458易伤58序列升级68时间7加一9暴击a金币生成
263	13335 63642	2	   	234.94	紫3易伤2伤害2时间1暴击	18基地爆炸2核35伤害458易伤58序列升级68时间7加一9立即金币a暴击
264	33226 16232	7	   	234.90	橙2易伤2时间1伤害1等级1全技能	18策反2伤害38时间4立即金币58易伤6全技能7核8序列升级9掉矿a等级
265	53223 52412	9	   	234.88	橙2易伤2伤害2时间	1随机矿28敌人爆炸3a时间48伤害58易伤6核7双倍物品8序列升级9雷电
266	33226 25116	5	   	234.86	橙3易伤1伤害1时间1暴击	1策反2伤害3时间4立即金币57a易伤6暴击8核9低血量敌人
267	53223 53632	8	   	234.86	橙3易伤1伤害1时间1暴击	1随机矿2敌人爆炸3时间4伤害578易伤6核9策反a暴击
268	53223 53632	9	   	234.86	橙3易伤1伤害1时间1暴击	1随机矿2敌人爆炸3时间4伤害578易伤6核9策反a暴击
269	24334 31111	1	   	234.86	橙3易伤1伤害1时间1暴击	1敌人爆炸245易伤3伤害6策反7暴击8核9低血量敌人a时间
270	24334 31115	1	   	234.86	橙3易伤1伤害1等级1暴击	1敌人爆炸245易伤3伤害6策反7暴击8核9低血量敌人a等级
271	24334 31124	1	   	234.86	橙3易伤1伤害1时间1暴击	1敌人爆炸245易伤3伤害6策反7暴击8核9时间a低血量敌人
272	24334 31126	1	   	234.86	橙3易伤1伤害1时间1暴击	1敌人爆炸245易伤3伤害6策反7暴击8核9时间a金币生成
273	13335 63621	2	   	234.84	紫3易伤2伤害2时间1暴击	18基地爆炸2核35伤害458易伤58序列升级68时间7加一9暴击a掉矿
274	13335 63622	2	   	234.84	紫3易伤2伤害2时间1暴击	18基地爆炸2核35伤害458易伤58序列升级68时间7加一9暴击a挖尘
275	33226 16412	7	   	234.80	橙2易伤2时间1伤害1等级1全技能	1策反2伤害39时间4立即金币58易伤6全技能7核a等级
276	53223 12525	10	   	234.78	橙2易伤2伤害2时间	1随机矿2敌人爆炸39时间47伤害56易伤8雷电a核
277	14334 21126	1	   	234.76	橙3易伤1伤害1等级1暴击	19基地爆炸245易伤3伤害6掉矿7暴击8核a等级
278	14334 21151	1	   	234.76	橙3易伤1伤害1时间1暴击	1基地爆炸245易伤3伤害6掉矿7暴击8核9低血量敌人a时间
279	33226 25162	5	   	234.76	橙3易伤1伤害1时间1暴击	1策反2伤害3时间4立即金币57a易伤6暴击8核9赏金塔
280	52213 63742	8	   	234.76	橙3易伤1伤害1等级1暴击	1随机矿2等级3加一4敌人爆炸578易伤6核9伤害a暴击
281	14336 21136	1	   	234.76	橙3易伤1伤害1等级1暴击	15基地爆炸249易伤3伤害6掉矿7暴击8核a等级
282	24334 31122	1	   	234.76	橙3易伤1伤害1时间1暴击	1敌人爆炸245易伤3伤害6策反7暴击8核9时间a挖尘
283	24334 31123	1	   	234.76	橙3易伤1伤害1时间1暴击	1敌人爆炸245易伤3伤害6策反7暴击8核9时间a掉矿
284	24334 31125	1	   	234.76	橙3易伤1伤害1时间1暴击	1敌人爆炸245易伤3伤害6策反7暴击8核9时间a加一
285	53223 11553	8	   	234.76	橙3易伤1伤害1时间1暴击	1随机矿2敌人爆炸3时间4伤害56a易伤7掉矿8暴击9核
286	13526 31522	6	 * 	234.72	紫3易伤3时间2伤害	18a基地爆炸2核38a时间46伤害5低血量敌人78a易伤8a序列升级9平台
287	33266 31122	8	   	234.68	橙2易伤2伤害2时间	1策反28伤害35时间4掉矿6核7a易伤9雷电
288	33266 31142	9	   	234.68	橙2易伤2伤害2时间	1策反28伤害35时间4掉矿6核7a易伤9雷电
289	14335 33124	1	   	234.68	橙2易伤2伤害2时间	1基地爆炸24易伤36伤害5a时间7加一8雷电9核
290	14334 21111	1	   	234.66	橙3易伤1伤害1时间1暴击	1基地爆炸245易伤3伤害6掉矿7暴击8核9挖青a时间
291	13533 13132	7	 * 	234.65	紫4易伤2时间2暴击	148基地爆炸2核34时间48序列升级568a易伤78暴击9雷电
292	13531 51422	6	   	234.55	紫4易伤2时间1伤害	14基地爆炸2核34时间4序列升级5伤害678a易伤9雷电
293	13533 12422	7	   	234.55	紫4易伤2时间1伤害	14基地爆炸2核34时间4序列升级568a易伤7伤害9雷电
294	12333 34135	1	   	234.55	橙4易伤1等级1攻速1卖塔	1基地爆炸2攻速3469易伤5卖塔7等级8核a立即金币
295	23211 62242	5	   	234.52	紫3易伤3时间2伤害	147敌人爆炸2核389易伤58伤害68a时间8序列升级
296	23511 52242	6	   	234.52	紫3易伤3时间2伤害	147敌人爆炸2核38a时间58伤害689易伤8序列升级
297	12333 32136	1	   	234.45	橙4易伤1等级1攻速1卖塔	1基地爆炸2攻速3469易伤5卖塔7掉矿8核a等级
298	12333 34132	1	   	234.45	橙4易伤1等级1攻速1卖塔	1基地爆炸2攻速3469易伤5卖塔7等级8核a挖尘
299	12333 34133	1	   	234.45	橙4易伤1等级1攻速1卖塔	1基地爆炸2攻速3469易伤5卖塔7等级8核a掉矿
300	12333 34162	1	   	234.45	橙4易伤1等级1攻速1卖塔	1基地爆炸2攻速346a易伤5卖塔7等级8核9赏金塔
301	22333 34162	1	   	234.45	橙4易伤1等级1攻速1卖塔	1敌人爆炸2攻速346a易伤5卖塔7等级8核9赏金塔
302	13335 63632	2	   	234.42	紫3易伤3时间2伤害	18基地爆炸2核35伤害458易伤58序列升级68a时间7加一9掉矿
303	14333 36134	1	   	234.24	橙3易伤2攻速1伤害1卖塔	1基地爆炸246易伤3伤害5卖塔79攻速8核a雷电
304	24333 36134	1	   	234.24	橙3易伤2攻速1伤害1卖塔	1敌人爆炸246易伤3伤害5卖塔79攻速8核a雷电
305	25615 21121	6	   	234.11	橙3易伤1时间1暴击1攻速	1敌人爆炸2平台367易伤4时间5暴击8雷电9核a攻速
306	54313 11122	10	   	234.11	橙3易伤1时间1暴击1攻速	1随机矿2暴击37a易伤4雷电5攻速6基地爆炸8核9时间
307	54313 31122	10	   	234.01	橙3易伤1时间1暴击1攻速	1随机矿2暴击37a易伤4雷电5攻速6挖尘8核9时间
308	13335 21415	2	   	233.66	紫4易伤2伤害1攻速1全技能	1基地爆炸2核35伤害4578易伤5序列升级6最后敌人9攻速a全技能
309	13335 31415	2	   	233.66	紫4易伤2伤害1攻速1全技能	1基地爆炸2核35伤害4578易伤5序列升级6敌人爆炸9攻速a全技能
310	23335 21415	2	   	233.66	紫4易伤2伤害1攻速1全技能	1敌人爆炸2核35伤害4578易伤5序列升级6最后敌人9攻速a全技能
311	31235 32126	3	   	233.44	橙2易伤2时间1伤害1等级	15策反2挖尘3a时间45易伤5序列升级6伤害7雷电8等级9核
312	33214 11126	3	   	233.44	橙2易伤2时间1伤害1等级	1策反2伤害3a时间4等级57易伤6敌人爆炸8雷电9核
313	13131 36151	7	   	233.36	紫3易伤3伤害1时间1攻速	18基地爆炸2核3敌人爆炸48a易伤5时间6攻速789伤害8序列升级
314	23243 63322	10	   	233.36	紫3易伤2时间1伤害1等级1暴击1卖塔	19敌人爆炸2核379易伤4等级5伤害69时间8卖塔9序列升级a暴击
315	31241 51126	6	   	233.34	橙2易伤2时间1伤害1等级	1策反2挖尘3a时间4等级5伤害67易伤8雷电9核
316	31243 12126	7	   	233.34	橙2易伤2时间1伤害1等级	1策反2挖尘3a时间4等级56易伤7伤害8雷电9核
317	31335 32126	2	   	233.34	橙2易伤2时间1伤害1等级	1策反2挖尘34易伤5a时间6伤害7雷电8等级9核
318	33211 52662	3	   	233.34	橙2易伤2时间1伤害1等级	1策反2伤害36时间4等级5赏金塔7雷电8a易伤9核
319	13441 36121	7	   	233.26	紫3易伤3伤害1时间1攻速	18基地爆炸2核3挖尘48a易伤5时间6攻速789伤害8序列升级
320	23335 61343	2	   	233.26	紫3易伤3伤害1时间1攻速	18敌人爆炸2核359伤害457易伤5序列升级6时间a攻速
321	23431 36121	7	   	233.26	紫3易伤3伤害1时间1攻速	18敌人爆炸2核3挖尘48a易伤5时间6攻速789伤害8序列升级
322	12331 52631	1	   	233.20	橙2易伤2伤害2攻速1时间	1a基地爆炸2a攻速34易伤5赏金塔6时间7平台8核9a伤害a序列升级
323	22331 52631	1	   	233.20	橙2易伤2伤害2攻速1时间	1a敌人爆炸2a攻速34易伤5赏金塔6时间7平台8核9a伤害a序列升级
324	22335 52332	1	   	233.20	橙2易伤2伤害2攻速1时间	19敌人爆炸29攻速34易伤5时间6额外掉落79伤害8加一9序列升级a核
325	23243 12132	9	   	233.16	紫3易伤3伤害1等级1攻速	1敌人爆炸2核36a易伤4等级579伤害8攻速
326	12326 32155	1	   	233.10	橙2易伤2伤害2攻速1等级	18基地爆炸26攻速37易伤45伤害9等级a核
327	33161 16125	9	   	233.10	橙2易伤2伤害2攻速1等级	1策反25伤害3随机矿46攻速78易伤9等级a核
328	23243 63321	9	   	232.93	紫3易伤3时间1伤害1等级1卖塔	19敌人爆炸2核379易伤4等级5伤害69a时间8卖塔9序列升级
