0	Index      	Bounty	 *	Score 	Summary	Detail	
1	12124 16126	8	 * 	261.89	橙3易伤2伤害2时间	1额外掉落2a策反3a伤害4雷电57时间68a易伤9核a序列升级
2	12161 36262	10	 * 	261.04	橙4易伤3伤害	1额外掉落27策反367伤害4立即金币579a易伤7序列升级8核
3	23215 62513	10	 * 	260.09	橙3易伤3时间3攻速	1双倍矿28a攻速39基地爆炸48a易伤5额外掉落6核78a时间8a序列升级
4	43262 13152	9	 * 	259.48	橙5易伤1时间1等级	1等级2低血量敌人35789易伤4时间6掉矿a核
5	43262 35133	7	   	259.48	橙5易伤1等级1时间	1等级2低血量敌人3589a易伤4时间6双倍物品7核
6	53434 31331	6	   	259.46	橙3易伤2伤害1时间1攻速1全技能	1敌人爆炸2全技能3攻速48伤害59a易伤6核7时间
7	43233 34613	10	 * 	258.96	橙3易伤2伤害2等级1时间	1a等级2低血量敌人39a易伤4金币生成5双倍矿6时间7核8a伤害a序列升级
8	41223 33663	10	   	258.86	橙3易伤2伤害2等级1时间	1a等级2掉矿3立即金币47a易伤5低血量敌人6时间8a伤害9核a序列升级
9	41223 34613	10	   	258.86	橙3易伤2伤害2等级1时间	1a等级2掉矿3立即金币49a易伤5低血量敌人6时间7核8a伤害a序列升级
10	16523 12341	10	 * 	258.76	橙3易伤2伤害2暴击1等级	1额外掉落29暴击39挖尘4等级57伤害6核89a易伤9序列升级
11	23215 63241	8	 * 	258.74	橙4易伤3攻速1伤害	1双倍矿278攻速378基地爆炸478a易伤5额外掉落6核78序列升级9伤害
12	42233 21531	10	   	253.72	橙3易伤2伤害2等级1攻速	18等级2攻速3立即金币46随机矿58伤害78a易伤8序列升级9核
13	54216 22333	7	   	252.06	橙4易伤1伤害1时间	1敌人爆炸2掉矿3789易伤4雷电5伤害6时间a核
14	33431 42682	4	   	251.98	橙3易伤2攻速1伤害1时间1全技能	18挖尘2全技能38攻速4伤害5加一6时间78a易伤8序列升级9核
15	21112 52641	5	 * 	251.70	橙4易伤3时间	1双倍矿2a金币生成3挖尘459a易伤68a时间7核a序列升级
16	31784 41712	2	   	251.26	橙4易伤3时间1卖塔	1a挖尘2加一3卖塔469a易伤56a时间6a序列升级7核8赏金塔
17	43212 31523	7	 * 	250.75	橙3易伤2时间2等级2雷电	19等级2低血量敌人379易伤46雷电5金币生成89时间9序列升级a核
18	43214 32323	6	   	250.75	橙3易伤2时间2等级2雷电	19等级2低血量敌人389易伤46雷电5矿等79时间9序列升级a核
19	23215 62511	8	   	250.37	橙3易伤3时间2攻速	1双倍矿28攻速3基地爆炸48a易伤5额外掉落6核789时间8序列升级
20	23114 35512	7	   	250.27	橙3易伤3时间2攻速	1双倍矿27攻速35挖尘457易伤57序列升级679时间8基地爆炸a核
21	23114 35522	8	   	250.27	橙3易伤3时间2攻速	1双倍矿27攻速35挖尘457易伤57序列升级678时间9基地爆炸a核
22	23114 35532	9	   	250.27	橙3易伤3时间2攻速	1双倍矿27攻速35挖尘457易伤57序列升级678时间9基地爆炸a核
23	23114 35612	8	   	250.27	橙3易伤3时间2攻速	1双倍矿27攻速35挖尘457易伤57序列升级679时间8基地爆炸a核
24	44112 53333	3	   	250.11	橙3易伤1时间1等级1暴击1攻速1卖塔	1等级2雷电3卖塔479易伤5时间6攻速8暴击a核
25	44122 53333	2	   	250.11	橙3易伤1时间1等级1暴击1攻速1卖塔	1等级2雷电379易伤4卖塔5时间6攻速8暴击a核
26	42323 21435	8	   	250.06	橙2易伤1伤害1时间1等级2雷电1暴击1攻速	1等级2攻速34雷电5暴击6伤害78易伤9核a时间
27	43213 64233	5	   	249.95	橙3易伤2时间1等级1全技能	1等级2低血量敌人39a易伤4雷电5全技能68时间7核
28	14343 22334	6	   	249.46	橙4易伤1伤害1暴击	1额外掉落2双倍物品3雷电4暴击5689易伤7伤害a核
29	14343 22334	5	   	249.46	橙4易伤1伤害1暴击	1额外掉落2双倍物品3雷电4暴击5689易伤7伤害a核
30	14362 11334	7	   	249.46	橙4易伤1伤害1暴击	1额外掉落2双倍物品3雷电4伤害5789易伤6暴击a核
31	12161 36263	10	   	249.41	橙3易伤3伤害1攻速	1额外掉落27策反367伤害4立即金币579易伤7序列升级8核a攻速
32	31784 41543	2	   	249.10	橙3易伤2时间1伤害1暴击1卖塔	1挖尘2加一3卖塔46a易伤56时间6序列升级7核8伤害9暴击
33	43122 15143	7	   	248.46	橙3易伤1伤害1等级1时间1攻速	1等级2低血量敌人3时间4基地爆炸57a易伤6攻速8核9伤害
34	43221 35143	7	   	248.46	橙3易伤1伤害1等级1时间1攻速	1等级2低血量敌人37a易伤4基地爆炸5攻速6时间8核9伤害
35	45215 22333	7	   	248.25	橙4易伤1时间1等级	1等级2敌人爆炸3789易伤4雷电5掉矿6时间a核
36	43262 35333	7	   	248.25	橙4易伤1时间1等级	1等级2低血量敌人359a易伤4时间6双倍物品7核8雷电
37	43262 35333	8	   	248.25	橙4易伤1时间1等级	1等级2低血量敌人359a易伤4时间6双倍物品7核8雷电
38	33452 12611	4	   	248.17	橙3易伤2攻速1等级1时间1全技能	1挖尘2全技能39攻速4时间5等级67a易伤8核
39	16124 25211	7	   	248.10	橙2易伤2伤害2暴击1等级1时间1核弹	1额外掉落27暴击3核弹4挖尘57易伤67伤害7序列升级8等级9核a时间
40	32438 23471	7	 * 	248.09	紫5易伤3伤害	19a挖尘2核3立即金币4加一5789a易伤69a伤害9a序列升级
41	33225 32134	2	   	247.93	橙4易伤2时间1全技能	19a挖尘2全技能3矿等4a时间568a易伤7核a序列升级
42	33525 32134	2	   	247.93	橙4易伤2时间1全技能	19a挖尘2全技能3金币生成4a时间568a易伤7核a序列升级
43	33525 32134	3	   	247.93	橙4易伤2时间1全技能	19a挖尘2全技能3金币生成4a时间568a易伤7核a序列升级
44	31288 26122	3	   	247.93	橙4易伤2时间1全技能	17挖尘2加一3基地爆炸457a易伤67时间7序列升级8核9全技能
45	42633 12621	1	   	247.12	橙3易伤1伤害1等级1时间1全技能	1等级2伤害39低血量敌人4时间5全技能67a易伤8核
46	54216 22333	5	   	247.01	橙3易伤2伤害1时间	1敌人爆炸26掉矿389易伤4雷电56伤害6序列升级7时间a核
47	42211 41531	10	   	246.90	橙3易伤2时间2等级1攻速	18等级2攻速345立即金币68时间78a易伤8序列升级9核
48	23215 63213	9	   	246.87	橙3易伤3攻速2时间	1双倍矿278攻速378基地爆炸478易伤5额外掉落6核78序列升级9a时间
49	23515 63213	9	   	246.87	橙3易伤3攻速2时间	1双倍矿278攻速378敌人爆炸478易伤5额外掉落6核78序列升级9a时间
50	31633 25143	1	   	246.80	橙3易伤2时间1伤害1攻速	17挖尘2攻速37a易伤4策反5基地爆炸67时间7序列升级8核9伤害
51	23214 11243	9	   	246.77	橙3易伤3攻速2时间	1双倍矿289攻速35基地爆炸458易伤58序列升级6额外掉落78时间a核
52	12161 36216	8	   	246.71	橙3易伤3伤害	1额外掉落27策反367伤害4立即金币57a易伤7序列升级8核9雷电
53	23225 22223	9	   	246.67	橙3易伤3攻速2时间	1双倍矿258攻速3基地爆炸4额外掉落68时间789易伤8序列升级a核
54	42522 34232	1	 * 	246.53	紫3易伤2伤害3雷电2等级1时间	18等级26伤害368雷电4核5赏金邻近68序列升级789易伤a时间
55	42331 36222	1	 * 	246.34	橙2易伤2伤害2时间2等级	17等级27伤害358挖尘49时间67易伤7序列升级a核
56	21332 32153	1	   	245.77	橙3易伤1伤害1等级1时间	1双倍矿2雷电3伤害4等级569易伤7时间8额外掉落a核
57	21363 32153	1	   	245.77	橙3易伤1伤害1等级1时间	1双倍矿2雷电3伤害469易伤5等级7时间8额外掉落a核
58	12224 16126	8	   	245.45	橙3易伤2时间2攻速	1额外掉落2a策反3a攻速4雷电57时间68a易伤9核a序列升级
59	53432 22631	3	   	244.35	橙4易伤1时间1攻速1全技能	1敌人爆炸2全技能3攻速479a易伤5时间6掉矿8核
60	43213 22323	4	   	244.20	橙3易伤2时间2等级	19等级2低血量敌人389易伤4雷电5立即金币6矿等79时间9序列升级a核
61	43213 22323	3	   	244.20	橙3易伤2时间2等级	19等级2低血量敌人389易伤4雷电5立即金币6矿等79时间9序列升级a核
62	43216 22323	5	   	244.20	橙3易伤2时间2等级	19等级2低血量敌人389易伤4雷电5立即金币6矿等79时间9序列升级a核
63	44133 22323	2	   	244.20	橙3易伤2时间2等级	19等级2雷电389易伤4最后敌人5立即金币6矿等79时间9序列升级a核
64	44135 22323	2	   	244.20	橙3易伤2时间2等级	19等级2雷电389易伤46最后敌人5矿等79时间9序列升级a核
65	44151 22323	2	   	244.20	橙3易伤2时间2等级	19等级2雷电389易伤4双倍矿5低血量敌人6矿等79时间9序列升级a核
66	44152 12323	2	   	244.20	橙3易伤2时间2等级	19等级2雷电389易伤4双倍矿5敌人爆炸6金币生成79时间9序列升级a核
67	45211 12323	5	   	244.20	橙3易伤2时间2等级	19等级25敌人爆炸389易伤4雷电6金币生成79时间9序列升级a核
68	45213 12323	4	   	244.20	橙3易伤2时间2等级	19等级2敌人爆炸389易伤4雷电5立即金币6金币生成79时间9序列升级a核
69	45213 12323	3	   	244.20	橙3易伤2时间2等级	19等级2敌人爆炸389易伤4雷电5立即金币6金币生成79时间9序列升级a核
70	45216 12323	5	   	244.20	橙3易伤2时间2等级	19等级2敌人爆炸389易伤4雷电5立即金币6金币生成79时间9序列升级a核
71	44612 31323	7	   	244.20	橙3易伤2时间2等级	19等级2雷电39时间4矿等5最后敌人6双倍矿789易伤9序列升级a核
72	51114 22833	3	 * 	244.17	橙2易伤3时间1伤害1暴击	1a敌人爆炸2加一3雷电48a时间5暴击6伤害7核9a易伤a序列升级
73	51154 22833	4	   	244.17	橙2易伤3时间1伤害1暴击	1a敌人爆炸2加一3雷电48a时间5暴击6伤害7核9a易伤a序列升级
74	51314 22833	2	   	244.17	橙2易伤3时间1伤害1暴击	1a敌人爆炸2加一3雷电48a时间5暴击6伤害7核9a易伤a序列升级
75	11124 16153	8	   	244.10	橙3易伤2时间1伤害	1额外掉落2矿等3伤害4雷电57时间689易伤a核
76	12124 16123	8	   	244.10	橙3易伤2时间1伤害	1额外掉落2策反3伤害4雷电57时间68a易伤9核
77	54216 22233	7	   	244.00	橙3易伤2时间1伤害	1敌人爆炸2掉矿379易伤4雷电5伤害68时间a核
78	54116 21333	7	   	244.00	橙3易伤2时间1伤害	1敌人爆炸2掉矿36时间4雷电5伤害789易伤a核
79	43262 14213	10	 * 	243.85	橙4易伤2等级1时间	1a等级2低血量敌人359a易伤4时间6掉矿7核8a策反a序列升级
80	43622 46233	9	   	243.75	橙4易伤1伤害1等级	1等级2低血量敌人3加一4基地爆炸579a易伤6伤害8核
81	43622 46243	8	   	243.75	橙4易伤1伤害1等级	1等级2低血量敌人3加一4基地爆炸579a易伤6伤害8核
82	45622 44233	9	   	243.75	橙4易伤1伤害1等级	1等级2敌人爆炸3加一4基地爆炸579a易伤6伤害8核
83	31272 61811	10	   	243.65	橙4易伤1伤害1时间	1挖尘2加一3基地爆炸4伤害5789易伤6核a时间
84	31272 61813	8	   	243.65	橙4易伤1伤害1时间	1挖尘2加一3基地爆炸4伤害578a易伤6核9时间
85	31272 61813	7	   	243.65	橙4易伤1伤害1时间	1挖尘2加一3基地爆炸4伤害578a易伤6核9时间
86	31272 61843	9	   	243.65	橙4易伤1伤害1时间	1挖尘2加一3基地爆炸4伤害578a易伤6核9时间
87	23221 32662	2	 * 	243.53	橙2易伤3时间2攻速1伤害	1双倍矿29攻速389时间4基地爆炸5伤害69易伤7随机矿9序列升级a核
88	42322 32153	4	   	243.26	橙3易伤1等级1时间2雷电1攻速	1等级2攻速34雷电569易伤7时间8额外掉落a核
89	42326 32153	5	   	243.26	橙3易伤1等级1时间2雷电1攻速	1等级2攻速34雷电569易伤7时间8额外掉落a核
90	43222 13152	9	   	243.23	橙5易伤1等级	1等级2低血量敌人35789易伤4基地爆炸6掉矿a核
91	53434 32331	6	   	243.11	橙3易伤2伤害1攻速1全技能	1敌人爆炸2全技能3攻速48伤害59a易伤6核7加一
92	33112 34452	5	   	243.10	橙2易伤2时间1伤害1暴击1攻速1全技能	1挖尘2全技能3暴击4攻速5a时间69易伤7核8伤害
93	14363 11321	8	   	243.07	橙3易伤1伤害1时间1暴击	1额外掉落2双倍物品3雷电4伤害5时间6暴击79a易伤8核
94	14362 11511	8	   	243.07	橙3易伤1伤害1时间1暴击	1额外掉落2双倍物品3雷电4伤害57a易伤6暴击8核9时间
95	14362 11523	8	   	243.07	橙3易伤1伤害1等级1暴击	1额外掉落2双倍物品3雷电4伤害579易伤6暴击8核a等级
96	14362 11533	9	   	243.07	橙3易伤1伤害1等级1暴击	1额外掉落2双倍物品3雷电4伤害579易伤6暴击8核a等级
97	14362 16321	8	   	243.07	橙3易伤1伤害1时间1暴击	1额外掉落2双倍物品3雷电4伤害59a易伤6暴击7时间8核
98	43122 15123	7	   	242.98	橙3易伤2时间1等级1攻速	1等级2低血量敌人39时间4基地爆炸57a易伤6攻速8核
99	43221 35123	7	   	242.98	橙3易伤2时间1等级1攻速	1等级2低血量敌人37a易伤4基地爆炸5攻速69时间8核
100	31633 25163	1	   	242.98	橙3易伤2时间1等级1攻速	17挖尘2攻速37a易伤4策反5基地爆炸67时间7序列升级8核9等级
101	43263 15123	7	   	242.88	橙3易伤2时间1等级1攻速	1等级2低血量敌人37a易伤49时间5挖青6攻速8核
102	16523 12342	9	   	242.86	橙2易伤2伤害2暴击1等级1攻速	1额外掉落29暴击39挖尘4等级57伤害6核89易伤9序列升级a攻速
103	42334 36332	1	 * 	242.86	橙2易伤2伤害3等级1时间1攻速	157等级27伤害3挖尘4时间67易伤7序列升级8敌人爆炸9攻速a核
104	44331 36312	1	   	242.81	橙2易伤2伤害2等级1时间1攻速1卖塔	17等级2平台3攻速4卖塔57伤害67易伤7序列升级8策反9时间a核
105	53434 31311	6	 * 	242.76	橙2易伤2伤害2攻速1时间1全技能	1敌人爆炸2全技能39攻速48伤害5a易伤6核7时间
106	16623 12341	10	   	242.61	橙3易伤2伤害2暴击	1额外掉落29暴击39矿等4挖尘57伤害6核89a易伤9序列升级
107	11112 33333	9	 * 	242.43	橙2易伤3伤害2时间	1额外掉落256矿等356伤害4平台569序列升级79时间89易伤a核
108	46141 31323	4	 * 	242.32	紫3易伤3伤害2等级1时间	1a等级2核3时间4立即金币57a伤害69a易伤8平台a序列升级
109	15116 33335	10	   	242.13	橙2易伤3伤害2时间	1额外掉落269掉矿356伤害4平台69序列升级79时间89易伤a核
110	42432 26223	1	   	242.08	紫3易伤3伤害2等级1时间1卖塔	1a等级27a伤害3核4时间5低血量敌人6卖塔89a易伤a序列升级
111	43262 14331	9	   	241.95	橙3易伤1时间1等级1暴击1攻速	1等级2低血量敌人35a易伤4时间6掉矿7核8暴击9攻速
112	42631 36231	3	   	241.88	橙3易伤1伤害1等级1攻速1全技能	1等级2攻速3基地爆炸4随机矿5伤害69a易伤7核8全技能
113	11543 11235	2	   	241.74	橙3易伤2时间1等级1全技能	1额外掉落27矿等3赏金塔47时间567易伤7序列升级8等级9全技能a核
114	12343 11235	1	   	241.74	橙3易伤2时间1等级1全技能	1额外掉落2赏金邻近37矿等47时间567易伤7序列升级8等级9全技能a核
115	13543 11235	1	   	241.74	橙3易伤2时间1等级1全技能	1额外掉落27矿等3赏金塔47时间567易伤7序列升级8等级9全技能a核
116	31172 14763	3	   	241.56	橙4易伤1时间1全技能	1挖尘2加一3雷电4全技能589a易伤6核7时间
117	31372 14763	2	   	241.56	橙4易伤1时间1全技能	1挖尘2加一3雷电4全技能589a易伤6核7时间
118	12443 11235	1	   	241.54	橙3易伤2时间1等级1全技能	1额外掉落2赏金邻近37掉矿47时间567易伤7序列升级8等级9全技能a核
119	42434 31323	1	 * 	241.15	紫3易伤2伤害2时间3等级	15a等级27伤害3核4a时间69a易伤8平台a序列升级
120	31272 61831	8	   	241.05	橙4易伤1伤害1暴击	1挖尘2加一3基地爆炸4伤害578a易伤6核9暴击
121	31272 61831	7	   	241.05	橙4易伤1伤害1暴击	1挖尘2加一3基地爆炸4伤害578a易伤6核9暴击
122	44264 32122	5	 * 	240.97	橙3易伤3雷电1伤害1等级	1等级235雷电4加一689易伤7核a伤害
123	44264 42122	4	   	240.97	橙3易伤3雷电1伤害1等级	1等级236雷电4加一589易伤7核a伤害
124	42233 21534	10	   	240.46	橙2易伤2伤害2等级1暴击1攻速	18等级2攻速3立即金币46随机矿58伤害78易伤8序列升级9核a暴击
125	25124 16131	10	   	240.45	橙3易伤2时间2雷电1全技能	12双倍矿3全技能47a易伤57雷电67时间7序列升级8低血量敌人9核
126	53214 12331	10	   	240.45	橙3易伤2时间2雷电1全技能	18敌人爆炸2全技能3立即金币45雷电68时间78a易伤8序列升级9核
127	53614 12331	10	   	240.45	橙3易伤2时间2雷电1全技能	18敌人爆炸2全技能3双倍矿45雷电68时间78a易伤8序列升级9核
128	42352 32153	3	   	240.42	橙3易伤2等级1时间1攻速	14等级2攻速3雷电569易伤7时间8额外掉落a核
129	14343 21334	5	   	240.40	橙4易伤1暴击1攻速	1额外掉落2双倍物品3雷电4暴击5689易伤7攻速a核
130	14343 21334	6	   	240.40	橙4易伤1暴击1攻速	1额外掉落2双倍物品3雷电4暴击5689易伤7攻速a核
131	43233 34622	8	   	240.36	橙2易伤2伤害2等级1时间	19等级2低血量敌人39易伤4金币生成5双倍矿6时间7核89伤害9序列升级a雷电
132	25124 16231	10	   	240.35	橙3易伤2时间2雷电1全技能	12双倍矿3全技能47a易伤57雷电67时间7序列升级8挖青9核
133	53434 31332	6	 * 	240.33	橙2易伤2伤害2全技能1时间1攻速	1敌人爆炸2a全技能3攻速48伤害59易伤6核7时间
134	25532 31253	9	   	240.32	橙2易伤2伤害2时间1暴击	12双倍矿38伤害4低血量敌人58易伤6额外掉落78时间8序列升级9暴击a核
135	33214 12331	10	   	240.25	橙3易伤2时间2雷电1全技能	18挖尘2全技能3立即金币45雷电68时间78a易伤8序列升级9核
136	33614 12331	10	   	240.25	橙3易伤2时间2雷电1全技能	18挖尘2全技能3双倍矿45雷电68时间78a易伤8序列升级9核
137	25522 31253	9	   	240.22	橙2易伤2伤害2时间1暴击	12双倍矿38伤害4挖青58易伤6额外掉落78时间8序列升级9暴击a核
138	41313 31333	4	   	240.19	橙3易伤2时间1等级	1等级2掉矿3雷电45时间689易伤7基地爆炸a核
139	41363 31333	3	   	240.19	橙3易伤2时间1等级	1等级2掉矿3雷电45时间689易伤7基地爆炸a核
140	44263 31333	2	   	240.19	橙3易伤2时间1等级	1等级2雷电3掉矿45时间689易伤7基地爆炸a核
141	44413 31333	4	   	240.19	橙3易伤2时间1等级	1等级2雷电3掉矿45时间689易伤7基地爆炸a核
142	45215 22233	7	   	240.19	橙3易伤2时间1等级	1等级2敌人爆炸379易伤4雷电5掉矿68时间a核
143	54114 21333	7	   	240.19	橙3易伤2时间1等级	1敌人爆炸2掉矿36时间4雷电5等级789易伤a核
144	16523 12341	9	   	240.16	橙2易伤2伤害2暴击1等级	1额外掉落29暴击39挖尘4等级57伤害6核89易伤9序列升级a雷电
145	43122 42336	7	   	240.14	橙4易伤1等级1时间	1等级26低血量敌人3时间4基地爆炸568a易伤6序列升级7平台9核
146	31784 41373	2	   	240.04	橙3易伤2时间1暴击1攻速1卖塔	1挖尘2加一3卖塔46a易伤56时间6序列升级7核8暴击9攻速
147	43262 22336	7	   	240.04	橙4易伤1等级1时间	1等级2低血量敌人358a易伤4时间6基地爆炸7平台9核
148	53431 31232	6	   	239.96	橙2易伤2时间2攻速1伤害1全技能	18敌人爆炸2全技能38攻速4伤害5低血量敌人6核78时间8序列升级9a易伤
149	53436 31232	6	   	239.96	橙2易伤2时间2攻速1伤害1全技能	18敌人爆炸2全技能38攻速4伤害5基地爆炸6核78时间8序列升级9a易伤
150	43262 35123	7	   	239.94	橙4易伤1等级1时间	1等级2低血量敌人358a易伤4时间6双倍物品7核9双倍矿
151	41511 36212	3	   	239.85	橙2易伤2时间2等级1伤害1攻速	17等级2掉矿37时间4攻速5伤害67易伤7序列升级8挖尘9低血量敌人a核
152	41511 36212	2	   	239.85	橙2易伤2时间2等级1伤害1攻速	17等级2掉矿37时间4攻速5伤害67易伤7序列升级8挖尘9低血量敌人a核
153	41511 36222	2	   	239.85	橙2易伤2时间2等级1伤害1攻速	17等级2掉矿37时间4攻速5伤害67易伤7序列升级8挖尘9最后敌人a核
154	41511 36222	3	   	239.85	橙2易伤2时间2等级1伤害1攻速	17等级2掉矿37时间4攻速5伤害67易伤7序列升级8挖尘9最后敌人a核
155	31288 23173	3	   	239.84	橙4易伤1等级1时间	1挖尘2加一3基地爆炸457a易伤6时间8核9等级
156	43262 35131	7	   	239.84	橙4易伤1时间1等级	1等级2低血量敌人3589易伤4时间6双倍物品7核a掉矿
157	43262 35132	7	   	239.84	橙4易伤1等级1时间	1等级2低血量敌人3589易伤4时间6双倍物品7核a挖青
158	25314 24331	9	 * 	239.80	橙2易伤3时间2伤害1核弹	12双倍矿3随机矿47a时间5核弹6核8a伤害9a易伤a序列升级
159	45321 36132	1	   	239.75	橙2易伤2时间2等级1伤害1攻速	14等级24时间3赏金塔4序列升级5挖尘68易伤7伤害9攻速a核
160	33431 42683	4	   	239.66	橙2易伤2时间2攻速1伤害1全技能	18挖尘2全技能38攻速4伤害5加一6a时间78易伤8序列升级9核
161	33431 11682	4	   	239.66	橙2易伤2时间2攻速1伤害1全技能	18挖尘2全技能38攻速4伤害5加一6a易伤78时间8序列升级9核
162	51723 33543	4	 * 	239.57	橙3易伤3暴击1伤害	19a敌人爆炸2加一3低血量敌人49a暴击5伤害6雷电79a易伤8核9a序列升级
163	16324 32133	6	   	239.35	橙3易伤1时间1等级1暴击	1额外掉落2暴击3基地爆炸4等级57a易伤6时间8核9雷电
164	46342 31312	1	   	239.35	橙3易伤1时间1等级1暴击	1等级2立即金币3暴击4基地爆炸58a易伤6核7时间9雷电
165	16524 32133	6	   	239.25	橙3易伤1时间1等级1暴击	1额外掉落2暴击3挖尘4等级57a易伤6时间8核9雷电
166	43262 14321	8	   	239.25	橙3易伤1等级1时间1暴击	1等级2低血量敌人359易伤4时间6掉矿7核8暴击a雷电
167	14343 22161	7	   	239.25	橙3易伤1时间1等级1暴击	1额外掉落2双倍物品3雷电4暴击569易伤7核8时间a等级
168	14343 22411	8	   	239.25	橙3易伤1时间1等级1暴击	1额外掉落2双倍物品3雷电4暴击56a易伤7核8等级9时间
169	14343 23161	5	   	239.25	橙3易伤1时间1等级1暴击	1额外掉落2双倍物品3雷电4暴击569易伤7核8时间a等级
170	14343 23161	6	   	239.25	橙3易伤1时间1等级1暴击	1额外掉落2双倍物品3雷电4暴击569易伤7核8时间a等级
171	14343 61311	8	   	239.25	橙3易伤1时间1等级1暴击	1额外掉落2双倍物品3雷电4暴击57a易伤6等级8核9时间
172	54341 33131	1	   	239.14	橙3易伤2时间1暴击1全技能	17敌人爆炸2赏金邻近367易伤4全技能57时间7序列升级8暴击9平台a核
173	42111 43143	4	   	239.14	橙2易伤2伤害1等级1时间1攻速	1等级2攻速3金币生成4a易伤59伤害6时间7基地爆炸8核
174	45111 33143	1	   	239.14	橙2易伤2伤害1等级1时间1攻速	1等级2时间3金币生成4攻速59伤害6a易伤7基地爆炸8核
175	41511 33143	2	   	239.04	橙2易伤2伤害1等级1时间1攻速	1等级2掉矿3时间4攻速59伤害6a易伤7基地爆炸8核
176	41511 33143	3	   	239.04	橙2易伤2伤害1等级1时间1攻速	1等级2掉矿3时间4攻速59伤害6a易伤7基地爆炸8核
177	31172 14761	3	   	238.98	橙3易伤1伤害1时间1全技能	1挖尘2加一3雷电4全技能589易伤6核7时间a伤害
178	31372 14761	2	   	238.98	橙3易伤1伤害1时间1全技能	1挖尘2加一3雷电4全技能589易伤6核7时间a伤害
179	46212 22223	7	 * 	238.78	紫3易伤3时间2等级1暴击	19等级2核379易伤4雷电5金币生成689时间9序列升级a暴击
180	46112 21323	7	   	238.78	紫3易伤3时间2等级1暴击	19等级2核369时间4雷电5金币生成789易伤9序列升级a暴击
181	43622 46233	10	   	238.70	橙3易伤2伤害1等级	1等级2低血量敌人3加一4基地爆炸579易伤6a伤害8核
182	23215 63261	8	   	238.67	橙4易伤3攻速	1双倍矿278攻速378基地爆炸478a易伤5额外掉落6核78序列升级9金币生成
183	33221 22134	2	   	238.62	橙3易伤3时间1全技能	19a挖尘2全技能35矿等45a时间5a序列升级68a易伤7核
184	33521 62134	2	   	238.62	橙3易伤3时间1全技能	19a挖尘2全技能35金币生成45a时间5a序列升级68a易伤7核
185	33521 62134	3	   	238.62	橙3易伤3时间1全技能	19a挖尘2全技能35金币生成45a时间5a序列升级68a易伤7核
186	43122 15133	7	   	238.61	橙3易伤2攻速1等级1时间	1等级2低血量敌人3时间4基地爆炸57a易伤69攻速8核
187	43221 35133	7	   	238.61	橙3易伤2攻速1等级1时间	1等级2低血量敌人37a易伤4基地爆炸59攻速6时间8核
188	45122 15133	7	   	238.61	橙3易伤2攻速1等级1时间	1等级2敌人爆炸3时间4基地爆炸57a易伤69攻速8核
189	31272 61633	8	   	238.60	橙3易伤2伤害1时间	1挖尘2加一3基地爆炸49伤害57a易伤6核8时间
190	31272 64163	9	   	238.60	橙3易伤2伤害1时间	1挖尘2加一3基地爆炸48伤害59a易伤6核7时间
191	31272 64433	7	   	238.60	橙3易伤2伤害1时间	1挖尘2加一3基地爆炸49伤害58a易伤6核7时间
192	31772 61433	7	   	238.60	橙3易伤2伤害1时间	1挖尘2加一3低血量敌人49伤害57a易伤6核8时间
193	31772 64433	7	   	238.60	橙3易伤2伤害1时间	1挖尘2加一3低血量敌人49伤害58a易伤6核7时间
194	33226 12631	2	 * 	238.54	橙3易伤1伤害2全技能1时间	1挖尘29全技能3矿等4时间5伤害67a易伤8核
195	31288 26123	3	   	238.52	橙3易伤3时间1全技能	17挖尘2加一3基地爆炸457易伤67a时间7序列升级8核9全技能
196	33222 22134	2	   	238.52	橙3易伤3时间1全技能	19a挖尘2全技能3矿等45a时间68a易伤7核a序列升级
197	33522 62134	2	   	238.52	橙3易伤3时间1全技能	19a挖尘2全技能3金币生成45a时间68a易伤7核a序列升级
198	33522 62134	3	   	238.52	橙3易伤3时间1全技能	19a挖尘2全技能3金币生成45a时间68a易伤7核a序列升级
199	43263 15133	7	   	238.51	橙3易伤2攻速1等级1时间	1等级2低血量敌人37a易伤4时间5挖青69攻速8核
200	21112 52541	5	   	238.47	橙4易伤2时间	18双倍矿2a金币生成3挖尘459a易伤6a时间7核a序列升级
201	31272 61812	10	   	238.41	橙4易伤1伤害1攻速	1挖尘2加一3基地爆炸4伤害5789易伤6核a攻速
202	31772 16243	8	   	238.41	橙4易伤1伤害1攻速	1挖尘2加一3低血量敌人4伤害579a易伤6攻速8核
203	31772 61243	8	   	238.41	橙4易伤1伤害1攻速	1挖尘2加一3低血量敌人4伤害579a易伤6核8攻速
204	12161 36222	10	   	238.40	橙3易伤3伤害	1额外掉落27策反367伤害49立即金币57a易伤7序列升级8核
205	12161 36242	10	   	238.40	橙3易伤3伤害	1额外掉落27策反367伤害4立即金币57a易伤7序列升级8核9敌人爆炸
206	12161 36261	10	   	238.40	橙3易伤3伤害	1额外掉落27策反367伤害4立即金币579易伤7序列升级8核a基地爆炸
207	12161 36261	9	   	238.40	橙3易伤3伤害	1额外掉落27策反367伤害4立即金币579易伤7序列升级8核a最后敌人
208	12161 36262	9	   	238.40	橙3易伤3伤害	1额外掉落27策反367伤害4a立即金币579易伤7序列升级8核
209	12161 36263	9	   	238.40	橙3易伤3伤害	1额外掉落27策反367伤害4立即金币579易伤7序列升级8核a随机矿
210	16311 32314	1	   	238.37	橙4易伤2时间	1额外掉落2平台3随机矿45时间678a易伤9核
211	16314 32314	1	   	238.37	橙4易伤2时间	1额外掉落2平台3随机矿45时间5序列升级678a易伤9核
212	12161 32262	10	   	238.20	橙3易伤3伤害	1额外掉落2策反367伤害4立即金币59a易伤8核
213	31288 23184	3	   	238.17	橙4易伤2时间	1a挖尘2加一3基地爆炸457a易伤6a时间8核9赏金邻近a序列升级
214	15112 52333	10	   	238.10	橙3易伤3伤害	1额外掉落259掉矿357伤害4平台59a序列升级6核89a易伤
215	15112 52335	9	   	238.10	橙3易伤3伤害	1额外掉落259掉矿357伤害4平台59序列升级6核89a易伤
216	15116 31333	10	   	238.10	橙3易伤3伤害	1额外掉落269掉矿356伤害4平台69a序列升级7核89a易伤
217	15116 31335	9	   	238.10	橙3易伤3伤害	1额外掉落269掉矿356伤害4平台69序列升级7核89a易伤
218	31478 24484	10	   	238.10	橙3易伤3伤害	148挖尘2加一3立即金币589易伤6平台789伤害89序列升级a核
219	31784 41714	2	   	237.93	橙4易伤2时间1卖塔	1挖尘2加一3卖塔469a易伤56时间6序列升级7核8赏金塔
220	33452 12621	4	   	237.86	橙3易伤1等级1时间1攻速1全技能	19挖尘2全技能3攻速4时间5等级67a易伤8核
221	42633 12623	1	   	237.80	橙2易伤2伤害1等级1时间1全技能	1等级2a伤害39低血量敌人4时间5全技能67易伤8核
222	42323 21436	8	   	237.53	橙2易伤2等级1伤害2雷电1暴击1攻速	1a等级2攻速34雷电5暴击6伤害78易伤9核
223	51114 22433	3	   	237.49	橙2易伤2时间1伤害2雷电1暴击	1a敌人爆炸2加一38雷电4a时间5暴击6伤害7核9a易伤a序列升级
224	51154 22433	4	   	237.49	橙2易伤2时间1伤害2雷电1暴击	1a敌人爆炸2加一38雷电4a时间5暴击6伤害7核9a易伤a序列升级
225	51314 22433	2	   	237.49	橙2易伤2时间1伤害2雷电1暴击	1a敌人爆炸2加一38雷电4a时间5暴击6伤害7核9a易伤a序列升级
226	35511 33143	1	   	237.38	橙2易伤2伤害2时间1攻速	13挖尘23时间3序列升级4攻速59伤害6a易伤7基地爆炸8核
227	36225 23361	10	   	237.36	橙3易伤1伤害1等级1时间	1挖尘2矿等378易伤4基地爆炸5等级6伤害9核a时间
228	43222 13661	10	   	237.36	橙3易伤1伤害1时间1等级	1等级2低血量敌人357易伤4基地爆炸6掉矿8伤害9核a时间
229	43222 14611	10	   	237.36	橙3易伤1伤害1时间1等级	1等级2低血量敌人359易伤4基地爆炸6掉矿7核8伤害a时间
230	43262 35211	9	   	237.36	橙3易伤1伤害1等级1时间	1等级29低血量敌人35a易伤4时间6双倍物品7核8伤害
231	43262 35221	8	   	237.36	橙3易伤1伤害1等级1时间	1等级29低血量敌人35a易伤4时间6双倍物品7核8伤害
232	43262 35222	9	   	237.36	橙3易伤1伤害1等级1时间	1等级2低血量敌人35a易伤4时间6双倍物品7核8伤害9基地爆炸
233	43622 46234	10	   	237.36	橙3易伤1伤害1等级1时间	1等级2低血量敌人3加一4基地爆炸579易伤6伤害8核a时间
234	51114 22333	3	 * 	237.26	橙2易伤2时间1伤害2暴击	1a敌人爆炸2加一3雷电4a时间58暴击6伤害7核9a易伤a序列升级
235	51154 22333	4	   	237.26	橙2易伤2时间1伤害2暴击	1a敌人爆炸2加一3雷电4a时间58暴击6伤害7核9a易伤a序列升级
236	51314 22333	2	   	237.26	橙2易伤2时间1伤害2暴击	1a敌人爆炸2加一3雷电4a时间58暴击6伤害7核9a易伤a序列升级
237	23614 31235	8	   	237.24	橙3易伤2时间2攻速	1双倍矿28攻速35低血量敌人458易伤58序列升级6额外掉落78时间9最后敌人a核
238	44264 32124	5	   	237.16	橙3易伤3雷电1等级1时间	1等级235雷电4加一689易伤7核a时间
239	44264 42124	4	   	237.16	橙3易伤3雷电1等级1时间	1等级236雷电4加一589易伤7核a时间
240	23214 11221	9	   	237.14	橙3易伤2时间2攻速	1双倍矿28攻速35基地爆炸458易伤58序列升级6额外掉落78时间9双倍物品a核
241	23514 11221	9	   	237.14	橙3易伤2时间2攻速	1双倍矿28攻速35敌人爆炸458易伤58序列升级6额外掉落78时间9双倍物品a核
242	23614 31221	9	   	237.14	橙3易伤2时间2攻速	1双倍矿28攻速35低血量敌人458易伤58序列升级6额外掉落78时间9双倍物品a核
243	42415 31323	1	   	237.08	紫3易伤3伤害2等级1攻速	1a等级27a伤害3核4攻速5策反69a易伤8平台a序列升级
244	23321 32561	2	 * 	237.04	紫3易伤3伤害3攻速	18双倍矿29a攻速3核4基地爆炸59a伤害69a易伤7随机矿9a序列升级
245	23341 32561	2	   	237.04	紫3易伤3伤害3攻速	18双倍矿29a攻速3核4敌人爆炸59a伤害69a易伤7随机矿9a序列升级
246	23114 35241	10	   	236.94	橙3易伤2时间2攻速	1双倍矿27攻速359挖尘457易伤57序列升级67时间8立即金币a核
247	23114 35242	9	   	236.94	橙3易伤2时间2攻速	1双倍矿27攻速359挖尘457易伤57序列升级67时间8立即金币a核
248	23331 32561	2	   	236.94	紫3易伤3伤害3攻速	18双倍矿29a攻速3核4挖尘59a伤害69a易伤7随机矿9a序列升级
249	32623 32164	1	   	236.74	橙5易伤1全技能	1a挖尘2金币生成3689a易伤4a基地爆炸5全技能7核a序列升级
250	33635 32134	2	   	236.74	橙5易伤1全技能	1a挖尘2全技能3a最后敌人4随机矿5689a易伤7核a序列升级
251	36223 32164	3	   	236.74	橙5易伤1全技能	1a挖尘2矿等3689a易伤4a基地爆炸5全技能7核a序列升级
252	36223 32164	4	   	236.74	橙5易伤1全技能	1a挖尘2矿等3689a易伤4a基地爆炸5全技能7核a序列升级
253	21352 53334	1	   	236.58	橙3易伤1伤害1暴击1全技能	1双倍矿2雷电3伤害4全技能5暴击689易伤7额外掉落a核
254	14362 11223	10	   	236.48	橙3易伤1伤害1暴击1全技能	1额外掉落2双倍物品3雷电4伤害57a易伤6暴击8全技能9核
255	14362 11531	10	   	236.48	橙3易伤1伤害1暴击1全技能	1额外掉落2双倍物品3雷电4伤害579易伤6暴击8核a全技能
256	16224 22214	7	   	236.44	橙2易伤2伤害1等级1暴击1攻速	1额外掉落2暴击3攻速4挖尘5a易伤67伤害8等级9核
257	42311 31114	1	   	236.44	橙2易伤2伤害1等级1暴击1攻速	1等级25伤害3挖尘4攻速6a易伤7暴击8额外掉落9核
258	31633 25122	1	   	236.40	橙3易伤2时间1攻速1全技能	17挖尘2攻速37a易伤4策反5基地爆炸67时间7序列升级8核9全技能
259	44113 21222	3	   	236.36	橙3易伤1等级1时间1攻速1卖塔	1等级2雷电3卖塔49a易伤5赏金塔6核7攻速8时间
260	44123 21222	2	   	236.36	橙3易伤1等级1时间1攻速1卖塔	1等级2雷电39a易伤4卖塔5赏金塔6核7攻速8时间
261	44163 21222	3	   	236.36	橙3易伤1等级1时间1攻速1卖塔	1等级2雷电3卖塔4赏金塔59a易伤6核7攻速8时间
262	51827 41413	7	   	236.30	橙3易伤2伤害1暴击	148敌人爆炸2加一3策反568易伤78伤害8序列升级9暴击a核
263	53432 21631	3	   	236.30	橙3易伤2时间1攻速1全技能	1敌人爆炸2全技能3攻速49a易伤57时间6掉矿8核
264	16224 25211	7	 * 	236.26	橙1易伤2伤害2攻速2暴击1等级1时间	1额外掉落27暴击37攻速4挖尘5易伤67伤害7序列升级8等级9核a时间
265	43121 34613	9	   	236.14	橙2易伤2时间1伤害1等级1攻速	1等级2低血量敌人36时间4基地爆炸5攻速7核8伤害9a易伤
266	42223 34611	10	   	236.14	橙2易伤2时间1伤害1等级1攻速	1等级2攻速3立即金币49易伤5低血量敌人6a时间7核8伤害
267	42111 43123	4	   	236.14	橙2易伤2时间1伤害1等级1攻速	1等级2攻速3金币生成4a易伤5伤害69时间7基地爆炸8核
268	42111 46123	4	   	236.14	橙2易伤2时间1伤害1等级1攻速	1等级2攻速3金币生成4a易伤5伤害69时间7最后敌人8核
269	43122 12143	7	   	236.14	橙2易伤2时间1伤害1等级1攻速	1等级2低血量敌人37时间4基地爆炸5a易伤6攻速8核9伤害
270	43221 32143	7	   	236.14	橙2易伤2时间1伤害1等级1攻速	1等级2低血量敌人3a易伤4基地爆炸5攻速67时间8核9伤害
271	45111 33123	1	   	236.14	橙2易伤2时间1伤害1等级1攻速	1等级29时间3金币生成4攻速5伤害6a易伤7基地爆炸8核
272	45111 36123	1	   	236.14	橙2易伤2时间1伤害1等级1攻速	1等级29时间3金币生成4攻速5伤害6a易伤7最后敌人8核
273	45122 12143	7	   	236.14	橙2易伤2时间1伤害1等级1攻速	1等级2敌人爆炸37时间4基地爆炸5a易伤6攻速8核9伤害
274	45511 33123	1	   	236.14	橙2易伤2时间1伤害1等级1攻速	1等级29时间3矿等4攻速5伤害6a易伤7基地爆炸8核
275	23215 63242	8	   	236.10	橙3易伤3攻速1伤害	1双倍矿278攻速378基地爆炸478易伤5额外掉落6核78序列升级9伤害a低血量敌人
276	41511 33123	2	   	236.04	橙2易伤2时间1伤害1等级1攻速	1等级2掉矿39时间4攻速5伤害6a易伤7基地爆炸8核
277	41511 33123	3	   	236.04	橙2易伤2时间1伤害1等级1攻速	1等级2掉矿39时间4攻速5伤害6a易伤7基地爆炸8核
278	42541 33123	3	   	236.04	橙2易伤2时间1伤害1等级1攻速	1等级2攻速39时间4掉矿5伤害6a易伤7基地爆炸8核
279	31772 43731	7	   	236.00	橙3易伤2伤害1暴击	1挖尘2加一3低血量敌人46伤害57a易伤8核9暴击
280	23215 63243	8	   	236.00	橙3易伤3攻速1伤害	1双倍矿278攻速378基地爆炸478易伤5额外掉落6核78序列升级9伤害a赏金塔
281	42153 43122	10	   	235.93	橙3易伤2等级1伤害1攻速	14等级2攻速3金币生成5伤害6核7低血量敌人89a易伤
282	44112 24132	3	   	235.92	橙3易伤2等级1时间2雷电1卖塔	18等级28雷电3卖塔49a易伤5时间68最后敌人7核8序列升级
283	44122 24132	2	   	235.92	橙3易伤2等级1时间2雷电1卖塔	18等级28雷电39a易伤4卖塔5时间68最后敌人7核8序列升级
284	33452 11611	4	   	235.85	橙2易伤2时间2攻速1等级1全技能	1挖尘2全技能39攻速47时间5等级6a易伤8核
285	33534 26311	8	   	235.83	橙3易伤2攻速1伤害1全技能	169挖尘2全技能39金币生成4伤害567易伤69序列升级89攻速a核
286	14362 22116	8	   	235.81	橙4易伤1伤害	1额外掉落2双倍物品3雷电4伤害568a易伤7矿等9核
287	51751 31432	2	   	235.80	橙2易伤3伤害1暴击1攻速1卖塔	18敌人爆炸2加一3卖塔4暴击578伤害68易伤8序列升级9攻速a核
288	43241 63332	6	   	235.80	橙3易伤2时间2等级	18等级2低血量敌人38a易伤4额外掉落5平台68时间7核8序列升级9赏金塔
289	21112 52643	5	   	235.70	橙3易伤2时间1伤害	1双倍矿2金币生成3挖尘459易伤68时间7核a伤害
290	31288 26133	3	   	235.70	橙3易伤2时间1伤害	17挖尘2加一3基地爆炸457易伤67时间7序列升级8核9平台a伤害
291	31272 61643	8	   	235.60	橙3易伤2时间1伤害	1挖尘2加一3基地爆炸4伤害57a易伤6核89时间
292	31272 64443	7	   	235.60	橙3易伤2时间1伤害	1挖尘2加一3基地爆炸4伤害58a易伤6核79时间
293	31772 61443	7	   	235.60	橙3易伤2时间1伤害	1挖尘2加一3低血量敌人4伤害57a易伤6核89时间
294	31772 64443	7	   	235.60	橙3易伤2时间1伤害	1挖尘2加一3低血量敌人4伤害58a易伤6核79时间
295	14323 22334	6	   	235.56	橙4易伤1伤害1卖塔	1额外掉落2双倍物品3雷电4卖塔5689易伤7伤害a核
296	14323 22334	5	   	235.56	橙4易伤1伤害1卖塔	1额外掉落2双倍物品3雷电4卖塔5689易伤7伤害a核
297	46342 33211	1	   	235.46	橙3易伤1等级1暴击1攻速1全技能	1等级2立即金币3暴击4基地爆炸58a易伤6核7攻速9全技能
298	43213 64333	5	   	235.37	橙3易伤1时间1等级1全技能	1等级28低血量敌人39a易伤4雷电5全技能6时间7核
299	45223 32335	4	   	235.37	橙3易伤1等级1时间1全技能	1等级2敌人爆炸369易伤4基地爆炸5全技能7核8雷电a时间
300	33225 32336	2	   	235.27	橙3易伤1时间1等级1全技能	1挖尘2全技能3矿等4时间569易伤7核8雷电a等级
301	36623 32335	1	   	235.27	橙3易伤1等级1时间1全技能	1挖尘2等级369易伤4基地爆炸5全技能7核8雷电a时间
302	42223 34631	8	   	235.21	橙2易伤1伤害1等级1时间1暴击1攻速	1等级2攻速3立即金币4a易伤5低血量敌人6时间7核8伤害9暴击
303	43122 12436	6	   	235.21	橙2易伤1伤害1等级1时间1暴击1攻速	1等级2低血量敌人3时间4基地爆炸5a易伤6攻速7暴击8伤害9核
304	43221 32436	5	   	235.21	橙2易伤1伤害1等级1时间1暴击1攻速	1等级2低血量敌人3a易伤4基地爆炸5攻速6时间7暴击8伤害9核
305	43221 32436	6	   	235.21	橙2易伤1伤害1等级1时间1暴击1攻速	1等级2低血量敌人3a易伤4基地爆炸5攻速6时间7暴击8伤害9核
306	51114 32833	3	   	235.11	橙2易伤3时间1暴击1攻速	1a敌人爆炸2加一3雷电48a时间5暴击6攻速7核9a易伤a序列升级
307	51153 32833	5	   	235.11	橙2易伤3时间1暴击1攻速	1a敌人爆炸2加一3雷电48a时间5攻速6暴击7核9a易伤a序列升级
308	51154 32833	4	   	235.11	橙2易伤3时间1暴击1攻速	1a敌人爆炸2加一3雷电48a时间5暴击6攻速7核9a易伤a序列升级
309	51314 32833	2	   	235.11	橙2易伤3时间1暴击1攻速	1a敌人爆炸2加一3雷电48a时间5暴击6攻速7核9a易伤a序列升级
310	11224 16153	8	   	235.04	橙3易伤2时间1攻速	1额外掉落2矿等3攻速4雷电57时间689易伤a核
311	45122 35331	5	   	234.96	橙3易伤2等级1时间1暴击	17等级27敌人爆炸3时间4基地爆炸578易伤6平台7序列升级9核a暴击
312	12161 36621	8	   	234.81	橙2易伤3伤害1暴击1全技能	1额外掉落27策反367伤害4立即金币57易伤7序列升级8全技能9核a暴击
313	42633 11621	1	   	234.80	橙2易伤2时间1伤害1等级1全技能	1等级2伤害39低血量敌人47时间5全技能6a易伤8核
314	42633 12622	1	   	234.80	橙2易伤2时间1伤害1等级1全技能	1等级2伤害39低血量敌人4a时间5全技能67易伤8核
315	14211 13261	10	   	234.76	橙3易伤1伤害1时间1暴击	1额外掉落2双倍物品3暴击4敌人爆炸578易伤6时间9伤害a核
316	43316 12331	6	   	234.76	橙3易伤2等级1时间1暴击	13等级2低血量敌人45a易伤6敌人爆炸7核8时间9暴击
317	45316 32331	5	   	234.76	橙3易伤2等级1时间1暴击	13等级2敌人爆炸45a易伤6最后敌人7核8时间9暴击
318	42633 12632	1	   	234.70	橙2易伤2时间1伤害1等级1全技能	1等级2伤害3低血量敌人4a时间5全技能67易伤8核9赏金塔
319	43622 16243	8	   	234.69	橙4易伤1等级1攻速	1等级2低血量敌人3加一4基地爆炸579a易伤6攻速8核
320	54216 22233	5	   	234.68	橙2易伤2伤害2时间	1敌人爆炸26掉矿39易伤4雷电56伤害6序列升级78时间a核
321	14141 13261	10	   	234.66	橙3易伤1伤害1时间1暴击	1额外掉落2双倍物品3挖尘478易伤5暴击6时间9伤害a核
322	14251 13261	10	   	234.66	橙3易伤1伤害1时间1暴击	1额外掉落2双倍物品3暴击4挖尘578易伤6时间9伤害a核
323	43316 11834	5	   	234.66	橙3易伤2等级1时间1暴击	13等级2低血量敌人458易伤6加一7暴击9核a时间
324	31288 23153	3	   	234.59	橙4易伤1时间1攻速	1挖尘2加一3基地爆炸457a易伤6时间8核9攻速
325	34222 33563	9	   	234.59	橙4易伤1时间1攻速	1挖尘2掉矿357a易伤4基地爆炸6时间8攻速9核
326	42316 32153	4	   	234.59	橙2易伤2时间2攻速1等级	1等级25攻速3雷电47时间69易伤8额外掉落a核
327	44264 32123	5	   	234.56	橙3易伤3雷电1等级1暴击	1等级235雷电4加一689易伤7核a暴击
328	44264 42123	4	   	234.56	橙3易伤3雷电1等级1暴击	1等级236雷电4加一589易伤7核a暴击
329	46212 22322	7	 * 	234.55	紫4易伤2时间2等级	19等级2核3789易伤4雷电5金币生成69时间9序列升级a立即金币
330	46212 22323	7	   	234.55	紫4易伤2时间2等级	19等级2核3789易伤4雷电5金币生成69时间9序列升级a随机矿
331	46212 22326	7	   	234.55	紫4易伤2时间2等级	19等级2核3789易伤4雷电5a金币生成69时间9序列升级
332	46212 22321	7	   	234.45	紫4易伤2时间2等级	19等级2核3789易伤4雷电5金币生成69时间9序列升级a挖尘
333	46212 22324	7	 * 	234.45	紫4易伤2时间3等级	19a等级2核3789易伤4雷电5金币生成69时间9序列升级
334	14343 22611	7	   	234.01	橙3易伤1时间1暴击1攻速	1额外掉落2双倍物品3雷电4暴击56a易伤7核8攻速9时间
335	14343 22623	7	   	234.01	橙3易伤1等级1暴击1攻速	1额外掉落2双倍物品3雷电4暴击569易伤7核8攻速a等级
336	14343 23611	6	   	234.01	橙3易伤1时间1暴击1攻速	1额外掉落2双倍物品3雷电4暴击56a易伤7核8攻速9时间
337	14343 23611	5	   	234.01	橙3易伤1时间1暴击1攻速	1额外掉落2双倍物品3雷电4暴击56a易伤7核8攻速9时间
338	14343 23623	6	   	234.01	橙3易伤1等级1暴击1攻速	1额外掉落2双倍物品3雷电4暴击569易伤7核8攻速a等级
339	14343 23623	5	   	234.01	橙3易伤1等级1暴击1攻速	1额外掉落2双倍物品3雷电4暴击569易伤7核8攻速a等级
340	53434 33131	10	   	233.93	橙3易伤1伤害1攻速1全技能	1敌人爆炸2全技能3攻速4伤害58a易伤6核7雷电9立即金币
341	53211 22331	10	   	233.90	橙3易伤2时间1全技能	18敌人爆炸2全技能36立即金币4雷电58时间78a易伤8序列升级9核
342	53216 12331	10	   	233.90	橙3易伤2时间1全技能	18敌人爆炸2全技能35立即金币4雷电68时间78a易伤8序列升级9核
343	53611 22331	10	   	233.90	橙3易伤2时间1全技能	18敌人爆炸2全技能3双倍矿4雷电58时间6立即金币78a易伤8序列升级9核
344	53616 12331	10	   	233.90	橙3易伤2时间1全技能	18敌人爆炸2全技能3双倍矿4雷电5立即金币68时间78a易伤8序列升级9核
345	44111 53333	3	   	233.86	橙3易伤1等级1暴击1攻速1卖塔	1等级2雷电3卖塔479易伤5敌人爆炸6攻速8暴击a核
346	44121 53333	2	   	233.86	橙3易伤1等级1暴击1攻速1卖塔	1等级2雷电379易伤4卖塔5敌人爆炸6攻速8暴击a核
347	42323 21432	8	   	233.81	橙2易伤1伤害1等级2雷电1暴击1攻速	1等级2攻速34雷电5暴击6伤害78易伤9核a基地爆炸
348	42321 31523	10	   	233.81	橙2易伤1伤害1等级2雷电1暴击1攻速	1等级2攻速34雷电5额外掉落6暴击7伤害8核9a易伤
349	42323 21316	10	   	233.81	橙2易伤1伤害1等级2雷电1暴击1攻速	1等级2攻速34雷电5暴击6伤害7a易伤8随机矿9核
350	33163 16431	5	   	233.76	橙2易伤1伤害1时间1等级1暴击1全技能	1挖尘2全技能3暴击46易伤5低血量敌人7等级8时间9伤害a核
351	33163 31621	9	   	233.76	橙2易伤1伤害1时间1等级1暴击1全技能	1挖尘2全技能3暴击48易伤5低血量敌人6伤害7等级9时间a核
352	33163 31641	8	   	233.76	橙2易伤1伤害1时间1等级1暴击1全技能	1挖尘2全技能3暴击48易伤5低血量敌人6伤害7等级9时间a核
353	25363 23621	8	   	233.75	橙3易伤2伤害1攻速	12双倍矿3随机矿49a易伤5攻速6核7a低血量敌人8a伤害a序列升级
354	14363 11331	9	   	233.75	橙2易伤2伤害1时间1暴击	1额外掉落2双倍物品3雷电49伤害5时间6暴击7a易伤8核
355	14362 11523	9	   	233.75	橙2易伤2伤害1等级1暴击	1额外掉落2双倍物品3雷电49伤害57易伤6暴击8核a等级
356	14362 16331	9	   	233.75	橙2易伤2伤害1时间1暴击	1额外掉落2双倍物品3雷电49伤害5a易伤6暴击7时间8核
357	42323 21433	8	   	233.71	橙2易伤1伤害1等级2雷电1暴击1攻速	1等级2攻速34雷电5暴击6伤害78易伤9核a挖尘
358	25124 15331	10	   	233.70	橙3易伤2时间1全技能	12双倍矿3全技能48a易伤5雷电68时间78挖尘8序列升级9核
359	33211 22331	10	   	233.70	橙3易伤2时间1全技能	18挖尘2全技能36立即金币4雷电58时间78a易伤8序列升级9核
360	33216 12331	10	   	233.70	橙3易伤2时间1全技能	18挖尘2全技能35立即金币4雷电68时间78a易伤8序列升级9核
361	33611 22331	10	   	233.70	橙3易伤2时间1全技能	18挖尘2全技能3双倍矿4雷电58时间6立即金币78a易伤8序列升级9核
362	33616 12331	10	   	233.70	橙3易伤2时间1全技能	18挖尘2全技能3双倍矿4雷电5立即金币68时间78a易伤8序列升级9核
363	53424 12331	2	   	233.70	橙3易伤2时间1全技能	18敌人爆炸2全技能3赏金塔4赏金邻近5雷电68时间78a易伤8序列升级9核
364	53613 32362	2	   	233.65	橙4易伤1时间1全技能	18敌人爆炸2全技能38最后敌人4低血量敌人5时间6核789a易伤8序列升级
365	53214 12333	9	   	233.60	橙2易伤2时间1伤害2雷电1全技能	18敌人爆炸2全技能3立即金币45雷电68时间78易伤8序列升级9核a伤害
366	53614 12333	9	   	233.60	橙2易伤2时间1伤害2雷电1全技能	18敌人爆炸2全技能3双倍矿45雷电68时间78易伤8序列升级9核a伤害
367	42323 21431	8	   	233.57	橙2易伤1伤害1等级2雷电1暴击1攻速1卖塔	1等级2攻速34雷电5暴击6伤害78易伤9核a卖塔
368	31178 14463	3	   	233.50	橙3易伤2时间1全技能	1挖尘2加一3雷电4全技能57时间6核89a易伤
369	31378 14463	2	   	233.50	橙3易伤2时间1全技能	1挖尘2加一3雷电4全技能57时间6核89a易伤
370	31172 14762	3	   	233.50	橙3易伤2时间1全技能	1挖尘2加一3雷电4全技能589易伤6核7a时间
371	31372 14762	2	   	233.50	橙3易伤2时间1全技能	1挖尘2加一3雷电4全技能589易伤6核7a时间
372	33424 12331	2	   	233.50	橙3易伤2时间1全技能	18挖尘2全技能3赏金塔4赏金邻近5雷电68时间78a易伤8序列升级9核
373	33613 32362	2	   	233.45	橙4易伤1时间1全技能	18挖尘2全技能38最后敌人4低血量敌人5时间6核789a易伤8序列升级
374	45223 32162	4	   	233.45	橙4易伤1等级1全技能	1等级2敌人爆炸3689易伤4基地爆炸5全技能7核a低血量敌人
375	45223 32163	4	   	233.45	橙4易伤1等级1全技能	1等级2敌人爆炸3689易伤4基地爆炸5全技能7核a矿等
376	33214 12333	9	   	233.40	橙2易伤2时间1伤害2雷电1全技能	18挖尘2全技能3立即金币45雷电68时间78易伤8序列升级9核a伤害
377	33614 12333	9	   	233.40	橙2易伤2时间1伤害2雷电1全技能	18挖尘2全技能3双倍矿45雷电68时间78易伤8序列升级9核a伤害
378	14342 22334	4	   	233.37	橙3易伤1伤害2雷电1暴击	1额外掉落2双倍物品35雷电4暴击689易伤7伤害a核
379	31272 16253	8	   	233.35	橙3易伤2伤害1攻速	1挖尘2加一3基地爆炸49伤害57a易伤6攻速8核
380	31272 16263	9	   	233.35	橙3易伤2伤害1攻速	1挖尘2加一3基地爆炸49伤害57a易伤6攻速8核
381	33225 32161	2	   	233.35	橙4易伤1时间1全技能	1挖尘2全技能3矿等4时间568a易伤7核9策反
382	33525 32161	2	   	233.35	橙4易伤1时间1全技能	1挖尘2全技能3金币生成4时间568a易伤7核9策反
383	33525 32161	3	   	233.35	橙4易伤1时间1全技能	1挖尘2全技能3金币生成4时间568a易伤7核9策反
384	36623 32134	1	   	233.35	橙4易伤1等级1全技能	19a挖尘2等级368a易伤4a基地爆炸5全技能7核a序列升级
385	36623 32162	1	   	233.35	橙4易伤1等级1全技能	1挖尘2等级3689易伤4基地爆炸5全技能7核a低血量敌人
386	36623 32163	1	   	233.35	橙4易伤1等级1全技能	1挖尘2等级3689易伤4基地爆炸5全技能7核a矿等
387	32623 32166	1	   	233.35	橙4易伤1时间1全技能	1挖尘2金币生成3689易伤4基地爆炸5全技能7核a时间
388	33635 32136	2	   	233.35	橙4易伤1时间1全技能	1挖尘2全技能3最后敌人4随机矿5689易伤7核a时间
389	36223 32166	3	   	233.35	橙4易伤1时间1全技能	1挖尘2矿等3689易伤4基地爆炸5全技能7核a时间
390	36223 32166	4	   	233.35	橙4易伤1时间1全技能	1挖尘2矿等3689易伤4基地爆炸5全技能7核a时间
391	45223 32141	4	   	233.35	橙4易伤1等级1全技能	1等级2敌人爆炸368a易伤4基地爆炸5全技能7核9掉矿
392	45223 32161	4	   	233.35	橙4易伤1等级1全技能	1等级2敌人爆炸3689易伤4基地爆炸5全技能7核a掉矿
393	22511 32662	1	   	233.32	橙2易伤3时间1伤害1攻速	1双倍矿29基地爆炸389时间4攻速5伤害69易伤7随机矿9序列升级a核
394	22511 32662	2	   	233.32	橙2易伤3时间1伤害1攻速	1双倍矿29基地爆炸389时间4攻速5伤害69易伤7随机矿9序列升级a核
395	22511 32662	3	   	233.32	橙2易伤3时间1伤害1攻速	1双倍矿29基地爆炸389时间4攻速5伤害69易伤7随机矿9序列升级a核
396	33225 32141	2	   	233.25	橙4易伤1时间1全技能	1挖尘2全技能3矿等4时间568a易伤7核9掉矿
397	33525 32125	2	   	233.25	橙4易伤1时间1全技能	1挖尘2全技能3金币生成4时间568a易伤7核9挖青
398	33525 32125	3	   	233.25	橙4易伤1时间1全技能	1挖尘2全技能3金币生成4时间568a易伤7核9挖青
399	33525 32141	2	   	233.25	橙4易伤1时间1全技能	1挖尘2全技能3金币生成4时间568a易伤7核9掉矿
400	33525 32141	3	   	233.25	橙4易伤1时间1全技能	1挖尘2全技能3金币生成4时间568a易伤7核9掉矿
401	31288 23122	3	   	233.25	橙4易伤1时间1全技能	1挖尘2加一3基地爆炸457a易伤6时间8核9全技能
402	36623 32141	1	   	233.25	橙4易伤1等级1全技能	1挖尘2等级368a易伤4基地爆炸5全技能7核9掉矿
403	36623 32161	1	   	233.25	橙4易伤1等级1全技能	1挖尘2等级3689易伤4基地爆炸5全技能7核a掉矿
404	21332 45232	1	   	233.23	橙3易伤2等级1伤害	1双倍矿2雷电3伤害47等级59a易伤6策反8核
405	21363 45232	1	   	233.23	橙3易伤2等级1伤害	1双倍矿2雷电3伤害49a易伤57等级6策反8核
406	36612 41213	1	   	233.13	橙3易伤2等级1伤害	1挖尘27等级368易伤4雷电5额外掉落9伤害a核
407	46225 23121	8	 * 	233.06	紫4易伤2伤害2等级	1a等级2核379a易伤4基地爆炸5策反6a伤害8双倍矿a序列升级
408	24311 22333	1	   	233.06	紫4易伤2伤害2等级	1双倍矿2核3平台478a易伤5敌人爆炸6a伤害9a等级a序列升级
409	24312 22333	1	   	233.06	紫4易伤2伤害2等级	1双倍矿2核3平台478a易伤5基地爆炸6a伤害9a等级a序列升级
410	42111 33642	4	   	233.00	橙2易伤2伤害2攻速1等级	1等级27攻速3金币生成48易伤59伤害6赏金邻近a核
411	42112 13642	4	   	233.00	橙2易伤2伤害2攻速1等级	1等级27攻速3金币生成48易伤5赏金塔69伤害a核
412	31272 63483	7	   	233.00	橙2易伤2伤害2攻速1等级	19挖尘2加一3基地爆炸49伤害5a易伤6核7等级89攻速9序列升级
413	42111 11662	4	   	233.00	橙2易伤2伤害2攻速1等级	1等级29攻速3金币生成48易伤56伤害7赏金塔a核
414	25533 42231	9	 * 	232.71	橙2易伤3伤害2攻速	12双倍矿38a伤害4a低血量敌人58攻速6核78掉矿8a序列升级9a易伤
415	31172 14735	3	   	232.57	橙3易伤1时间1暴击1全技能	1挖尘2加一3雷电4全技能58a易伤6核7时间9暴击
416	31372 14735	2	   	232.57	橙3易伤1时间1暴击1全技能	1挖尘2加一3雷电4全技能58a易伤6核7时间9暴击
417	16324 32131	6	   	232.51	橙2易伤1伤害1时间1等级1暴击	1额外掉落2暴击3基地爆炸4等级57易伤6时间8核9雷电a伤害
418	25523 42231	9	   	232.51	橙2易伤3伤害2攻速	12双倍矿38a伤害4挖青58攻速6核78a掉矿8a序列升级9a易伤
419	32141 11626	7	   	232.46	紫3易伤2伤害1时间2雷电1攻速	1挖尘2核39雷电4时间5敌人爆炸69a易伤7攻速89伤害9序列升级
420	53431 11382	4	   	232.45	橙2易伤2伤害1时间1攻速1全技能	1敌人爆炸2全技能3攻速48伤害5加一6a易伤7时间9核
421	53431 42382	4	   	232.45	橙2易伤2伤害1时间1攻速1全技能	1敌人爆炸2全技能3攻速48伤害5加一6时间7a易伤9核
422	53434 31322	6	   	232.45	橙2易伤2伤害1时间1攻速1全技能	1敌人爆炸2全技能3攻速48伤害5a易伤6核7时间9挖尘
423	53434 31333	6	   	232.45	橙2易伤2伤害1时间1攻速1全技能	1敌人爆炸2全技能3攻速48伤害59易伤6核7时间a掉矿
424	16524 32131	6	   	232.41	橙2易伤1伤害1时间1等级1暴击	1额外掉落2暴击3挖尘4等级57易伤6时间8核9雷电a伤害
425	33431 11382	4	   	232.35	橙2易伤2伤害1时间1攻速1全技能	1挖尘2全技能3攻速48伤害5加一6a易伤7时间9核
426	33431 42382	4	   	232.35	橙2易伤2伤害1时间1攻速1全技能	1挖尘2全技能3攻速48伤害5加一6时间7a易伤9核
427	32438 23421	7	   	232.34	紫5易伤2伤害	1a挖尘2核3立即金币4加一5789a易伤6a伤害a序列升级
428	32438 23821	8	   	232.34	紫5易伤2伤害	1a挖尘2核3立即金币4加一5789a易伤6a伤害a序列升级
429	32662 23321	8	   	232.34	紫5易伤2伤害	16a挖尘2核3低血量敌人4a伤害5789a易伤a序列升级
430	23215 63211	9	   	232.28	橙3易伤3攻速1时间	1a双倍矿278攻速378基地爆炸478易伤5额外掉落6核78序列升级9时间
431	23215 63212	10	   	232.28	橙3易伤3攻速1时间	1双倍矿278攻速378基地爆炸478易伤5额外掉落6核78序列升级9时间a金币生成
432	23215 63212	9	   	232.28	橙3易伤3攻速1时间	1双倍矿278攻速378基地爆炸478易伤5额外掉落6核78序列升级9时间a敌人爆炸
433	23215 63214	10	   	232.28	橙3易伤3攻速1时间	1双倍矿278攻速378基地爆炸478易伤5额外掉落6核78序列升级9时间a矿等
434	23215 63214	9	   	232.28	橙3易伤3攻速1时间	1双倍矿278攻速378基地爆炸478易伤5额外掉落6核78序列升级9时间a金币生成
435	23215 63216	9	   	232.28	橙3易伤3攻速1时间	1双倍矿278攻速378基地爆炸478易伤5额外掉落6核78序列升级9时间a立即金币
436	23215 63216	10	   	232.28	橙3易伤3攻速1时间	1双倍矿278攻速378基地爆炸478易伤5额外掉落6核78序列升级9时间a敌人爆炸
437	23515 63211	9	   	232.28	橙3易伤3攻速1时间	1a双倍矿278攻速378敌人爆炸478易伤5额外掉落6核78序列升级9时间
438	23515 63212	10	   	232.28	橙3易伤3攻速1时间	1双倍矿278攻速378敌人爆炸478易伤5额外掉落6核78序列升级9时间a金币生成
439	23515 63212	9	   	232.28	橙3易伤3攻速1时间	1双倍矿278攻速378敌人爆炸478易伤5额外掉落6核78序列升级9时间a基地爆炸
440	44232 32153	4	   	232.25	橙3易伤1等级1时间2雷电	1等级23雷电4随机矿569易伤7时间8额外掉落a核
441	11351 52421	7	   	232.22	橙3易伤2攻速1时间1全技能	1额外掉落238矿等48a易伤5全技能68攻速7核8序列升级9时间
442	23363 44122	10	   	232.21	橙3易伤1伤害1时间1攻速	1双倍矿2攻速3矿等4金币生成5伤害6核7时间89a易伤
443	41143 24122	9	   	232.21	橙3易伤2等级1时间1攻速	1a等级2掉矿3a金币生成4立即金币5攻速6核7时间89a易伤a序列升级
444	41163 24122	9	   	232.21	橙3易伤2等级1时间1攻速	1a等级2掉矿34a金币生成5攻速6核7时间89a易伤a序列升级
445	41263 24122	9	   	232.21	橙3易伤2等级1时间1攻速	1a等级2掉矿3立即金币4a金币生成5攻速6核7时间89a易伤a序列升级
446	42143 43122	10	   	232.21	橙3易伤1伤害1等级1攻速	1等级2攻速3金币生成4立即金币5伤害6核7低血量敌人89a易伤
447	42163 43122	10	   	232.21	橙3易伤1伤害1等级1攻速	1等级2攻速3金币生成4双倍矿5伤害6核7低血量敌人89a易伤
448	42263 43122	10	   	232.21	橙3易伤1伤害1等级1攻速	1等级2攻速3立即金币4金币生成5伤害6核7低血量敌人89a易伤
449	43262 14123	7	   	232.21	橙3易伤2等级1时间1攻速	19等级2低血量敌人359易伤4时间6掉矿7核89策反9序列升级a攻速
450	43262 14223	8	   	232.21	橙3易伤2等级1时间1攻速	19等级2低血量敌人359易伤4时间6掉矿7核89策反9序列升级a攻速
451	23215 63213	10	   	232.18	橙3易伤3攻速1时间	1双倍矿278攻速378基地爆炸478易伤5额外掉落6核78序列升级9时间a掉矿
452	23215 63221	8	   	232.18	橙3易伤3攻速1等级	1双倍矿278攻速378基地爆炸478易伤5额外掉落6核78序列升级9双倍物品a等级
453	23215 63233	9	   	232.18	橙3易伤3攻速1时间	1双倍矿278攻速378基地爆炸478易伤5额外掉落6核78序列升级9挖尘a时间
454	23215 63233	8	   	232.18	橙3易伤3攻速1时间	1双倍矿278攻速378基地爆炸478易伤5额外掉落6核78序列升级9挖尘a时间
455	23215 63253	8	   	232.18	橙3易伤3攻速1时间	1双倍矿278攻速378基地爆炸478易伤5额外掉落6核78序列升级9加一a时间
456	23515 63213	10	   	232.18	橙3易伤3攻速1时间	1双倍矿278攻速378敌人爆炸478易伤5额外掉落6核78序列升级9时间a掉矿
457	23515 63221	8	   	232.18	橙3易伤3攻速1等级	1双倍矿278攻速378敌人爆炸478易伤5额外掉落6核78序列升级9双倍物品a等级
458	23515 63233	8	   	232.18	橙3易伤3攻速1时间	1双倍矿278攻速378敌人爆炸478易伤5额外掉落6核78序列升级9挖尘a时间
459	23515 63233	9	   	232.18	橙3易伤3攻速1时间	1双倍矿278攻速378敌人爆炸478易伤5额外掉落6核78序列升级9挖尘a时间
460	12161 36622	8	   	232.16	橙2易伤3伤害1攻速1全技能	1额外掉落27策反367伤害4立即金币57易伤7序列升级8全技能9核a攻速
461	41321 21333	8	   	232.15	橙3易伤1时间1等级2雷电	1等级2掉矿34雷电5敌人爆炸679易伤8时间a核
462	41321 22333	6	   	232.15	橙3易伤1时间1等级2雷电	1等级2掉矿34雷电5敌人爆炸689易伤7时间a核
463	41321 26333	7	   	232.15	橙3易伤1时间1等级2雷电	1等级2掉矿34雷电5敌人爆炸689易伤7时间a核
464	41321 32333	5	   	232.15	橙3易伤1时间1等级2雷电	1等级2掉矿34雷电5敌人爆炸689易伤7时间a核
465	41321 51333	7	   	232.15	橙3易伤1时间1等级2雷电	1等级2掉矿34雷电5敌人爆炸6时间789易伤a核
466	41322 22333	4	   	232.15	橙3易伤1等级1时间2雷电	1等级2掉矿34雷电589易伤6基地爆炸7时间a核
467	41322 32133	4	   	232.15	橙3易伤1时间1等级2雷电	1等级2掉矿34雷电569易伤7时间8敌人爆炸a核
468	41326 22333	6	   	232.15	橙3易伤1等级1时间2雷电	1等级2掉矿34雷电5基地爆炸689易伤7时间a核
469	41326 26333	7	   	232.15	橙3易伤1等级1时间2雷电	1等级2掉矿34雷电5基地爆炸689易伤7时间a核
470	41326 32333	5	   	232.15	橙3易伤1等级1时间2雷电	1等级2掉矿34雷电5基地爆炸689易伤7时间a核
471	41345 32333	4	   	232.15	橙3易伤1等级1时间2雷电	1等级2掉矿35雷电4基地爆炸689易伤7时间a核
472	44214 21333	8	   	232.15	橙3易伤1时间1等级2雷电	1等级23雷电4敌人爆炸5掉矿679易伤8时间a核
473	44214 22333	6	   	232.15	橙3易伤1时间1等级2雷电	1等级23雷电4敌人爆炸5掉矿689易伤7时间a核
474	44214 32333	5	   	232.15	橙3易伤1时间1等级2雷电	1等级23雷电4敌人爆炸5掉矿689易伤7时间a核
475	44224 22333	6	   	232.15	橙3易伤1等级1时间2雷电	1等级23雷电4基地爆炸5掉矿689易伤7时间a核
476	44224 32333	5	   	232.15	橙3易伤1等级1时间2雷电	1等级23雷电4基地爆炸5掉矿689易伤7时间a核
477	44262 22333	3	   	232.15	橙3易伤1等级1时间2雷电	1等级23雷电4掉矿589易伤6基地爆炸7时间a核
478	44262 32133	3	   	232.15	橙3易伤1时间1等级2雷电	1等级23雷电4掉矿569易伤7时间8敌人爆炸a核
479	44421 21333	8	   	232.15	橙3易伤1时间1等级2雷电	1等级24雷电3掉矿5敌人爆炸679易伤8时间a核
480	44421 22333	6	   	232.15	橙3易伤1时间1等级2雷电	1等级24雷电3掉矿5敌人爆炸689易伤7时间a核
481	44421 32333	5	   	232.15	橙3易伤1时间1等级2雷电	1等级24雷电3掉矿5敌人爆炸689易伤7时间a核
482	44422 22333	4	   	232.15	橙3易伤1等级1时间2雷电	1等级24雷电3掉矿589易伤6基地爆炸7时间a核
483	44422 32133	4	   	232.15	橙3易伤1时间1等级2雷电	1等级24雷电3掉矿569易伤7时间8敌人爆炸a核
484	31151 13724	8	   	232.15	橙3易伤1时间1等级2雷电	19挖尘2加一39雷电4时间5敌人爆炸679易伤8核9序列升级a等级
485	36122 15143	7	   	232.11	橙3易伤1伤害1时间1攻速	1挖尘2矿等3时间4基地爆炸57a易伤6攻速8核9伤害
486	36225 23362	10	   	232.11	橙3易伤1伤害1等级1攻速	1挖尘2矿等378易伤4基地爆炸5等级6伤害9核a攻速
487	41113 24122	9	 * 	232.11	橙3易伤3等级1时间1攻速	14a等级2掉矿3a金币生成5攻速6核7时间89a易伤a序列升级
488	43122 15163	7	   	232.11	橙3易伤2等级1时间1攻速	19等级2低血量敌人3时间4基地爆炸57a易伤6攻速8核
489	43221 35163	7	   	232.11	橙3易伤2等级1时间1攻速	19等级2低血量敌人37a易伤4基地爆炸5攻速6时间8核
490	43222 13662	10	   	232.11	橙3易伤1伤害1等级1攻速	1等级2低血量敌人357易伤4基地爆炸6掉矿8伤害9核a攻速
491	43222 14612	10	   	232.11	橙3易伤1伤害1等级1攻速	1等级2低血量敌人359易伤4基地爆炸6掉矿7核8伤害a攻速
492	43223 15143	7	   	232.11	橙3易伤1伤害1等级1攻速	1等级2低血量敌人37a易伤4基地爆炸5挖青6攻速8核9伤害
493	43316 12533	6	   	232.11	橙3易伤2等级1时间1攻速	13等级2低血量敌人45a易伤6敌人爆炸7核8攻速9时间
494	43316 32533	5	   	232.11	橙3易伤2等级1时间1攻速	13等级2低血量敌人45a易伤6最后敌人7核8攻速9时间
495	43622 46223	9	   	232.11	橙3易伤1伤害1等级1攻速	1等级2低血量敌人3加一4基地爆炸57a易伤6伤害8核9攻速
496	43622 53432	7	   	232.11	橙3易伤2等级1时间1攻速	16等级2低血量敌人3加一4基地爆炸567易伤6序列升级8攻速9时间a核
497	45622 44223	9	   	232.11	橙3易伤1伤害1等级1攻速	1等级2敌人爆炸3加一4基地爆炸57a易伤6伤害8核9攻速
498	45622 44233	8	   	232.11	橙3易伤1伤害1等级1攻速	1等级2敌人爆炸3加一4基地爆炸57a易伤6伤害8核9攻速
499	33163 34261	6	   	232.10	橙2易伤2时间1伤害1暴击1全技能	1挖尘2全技能3暴击4a易伤5低血量敌人6伤害7核89时间
500	43122 42236	7	   	232.08	橙3易伤2时间1等级	1等级26低血量敌人38时间4基地爆炸56a易伤6序列升级7平台9核
501	43233 34621	8	   	232.05	橙2易伤2伤害2等级1时间	19等级2低血量敌人39易伤4a金币生成5双倍矿6时间7核89伤害9序列升级
502	43233 34623	8	   	232.05	橙2易伤2伤害2等级1时间	19等级2低血量敌人39易伤4金币生成5双倍矿6时间7核89伤害9序列升级a最后敌人
503	31772 16233	8	   	232.01	橙3易伤1伤害1等级1攻速	1挖尘2加一3低血量敌人4伤害57a易伤6攻速8核9等级
504	31772 61233	8	   	232.01	橙3易伤1伤害1等级1攻速	1挖尘2加一3低血量敌人4伤害57a易伤6核8攻速9等级
505	34122 15143	7	   	232.01	橙3易伤1伤害1时间1攻速	1挖尘2掉矿3时间4基地爆炸57a易伤6攻速8核9伤害
506	41113 24121	10	   	232.01	橙3易伤2等级1时间1攻速	14等级2掉矿3金币生成5攻速6核7时间89a易伤
507	43262 22236	7	   	231.98	橙3易伤2时间1等级	1等级2低血量敌人35a易伤48时间6基地爆炸7平台9核
508	41223 32663	10	   	231.95	橙2易伤2伤害2等级1时间	1a等级2掉矿37立即金币4a易伤5低血量敌人6时间8a伤害9核a序列升级
509	41223 34621	8	   	231.95	橙2易伤2伤害2等级1时间	19等级2掉矿3立即金币49易伤5低血量敌人6时间7核89伤害9序列升级a金币生成
510	41223 34622	8	   	231.95	橙2易伤2伤害2等级1时间	19等级2掉矿3立即金币49易伤5低血量敌人6时间7核89伤害9序列升级a策反
511	41223 34623	8	   	231.95	橙2易伤2伤害2等级1时间	19等级2掉矿3立即金币49易伤5低血量敌人6时间7核89伤害9序列升级a双倍矿
512	33451 12611	4	   	231.92	橙3易伤2攻速1时间1全技能	1挖尘2全技能39攻速4时间5矿等67a易伤8核
513	33452 12611	5	   	231.92	橙3易伤2攻速1时间1全技能	1挖尘2全技能39攻速4时间5矿等67a易伤8核
514	53432 22611	3	   	231.92	橙3易伤2攻速1时间1全技能	1敌人爆炸2全技能39攻速47a易伤5时间6掉矿8核
