0	Index      	Bounty	 *	Score 	Summary	Detail	
1	52231 33234	10	 * 	283.25	橙4易伤2伤害1时间1暴击1卖塔	1雷电26伤害346a易伤5卖塔6序列升级7核8时间9暴击
2	52231 35512	8	 * 	281.21	橙4易伤2伤害2攻速2雷电1卖塔	18雷电26伤害3468易伤5卖塔68序列升级78攻速9掉矿a核
3	52351 11352	3	 * 	277.91	橙3易伤3伤害2雷电1暴击1攻速	19雷电269伤害3暴击4金币生成589易伤7核9序列升级a攻速
4	52231 33222	8	 * 	277.80	橙3易伤2伤害2时间1等级1卖塔	1雷电26伤害346易伤5卖塔6序列升级7核8a时间9等级
5	52231 33222	7	 * 	277.80	橙3易伤2伤害2时间1等级1卖塔	1雷电26伤害346易伤5卖塔6序列升级7核8a时间9等级
6	52231 33233	10	   	276.86	橙3易伤2伤害1时间1等级1暴击1卖塔	1雷电26伤害346易伤5卖塔6序列升级7核8时间9暴击a等级
7	52231 33355	8	 * 	276.35	橙4易伤2伤害1时间2雷电1卖塔	19雷电26伤害3469易伤5卖塔69序列升级7核89金币生成a时间
8	52231 33145	8	   	276.27	橙3易伤3伤害1时间1暴击1卖塔	1雷电268伤害346易伤5卖塔6序列升级7核9暴击a时间
9	52231 33146	8	   	276.27	橙3易伤3伤害1等级1暴击1卖塔	1雷电268伤害346易伤5卖塔6序列升级7核9暴击a等级
10	52231 33231	9	   	276.27	橙3易伤3伤害1时间1暴击1卖塔	1雷电26a伤害346易伤5卖塔6序列升级7核8时间9暴击
11	52233 33164	10	 * 	275.84	橙2易伤3伤害2时间3雷电1暴击	15a雷电28a伤害34易伤6暴击7核9a时间a序列升级
12	52231 33163	9	 * 	275.56	橙4易伤3伤害2雷电1卖塔	19雷电268伤害346a易伤5卖塔6序列升级7核
13	52231 33553	7	 * 	275.56	橙4易伤3伤害2雷电1卖塔	18雷电269伤害346a易伤5卖塔6序列升级7核
14	52231 33563	7	 * 	275.56	橙4易伤3伤害2雷电1卖塔	18雷电26a伤害3469易伤5卖塔6序列升级7核
15	52231 33232	10	 * 	275.20	橙3易伤2伤害2时间1暴击1卖塔	1雷电26伤害346易伤5卖塔6序列升级7核8a时间9暴击
16	52231 33232	9	 * 	275.20	橙3易伤2伤害2时间1暴击1卖塔	1雷电26伤害346易伤5卖塔6序列升级7核8a时间9暴击
17	52233 33165	8	 * 	273.70	橙4易伤2伤害2雷电1暴击	15雷电28伤害349a易伤6暴击7核
18	52231 33561	7	   	273.55	橙4易伤2伤害2雷电1暴击1卖塔	18雷电26伤害3469易伤5卖塔6序列升级7核a暴击
19	52231 33145	7	 * 	272.79	橙5易伤2伤害1卖塔	1雷电26伤害3469a易伤5卖塔6序列升级7核8双倍物品
20	52231 33353	8	   	271.10	橙4易伤2伤害2雷电1攻速1卖塔	19雷电26伤害3469易伤5卖塔69序列升级7核89金币生成a攻速
21	52231 33653	7	   	271.10	橙4易伤2伤害2雷电1攻速1卖塔	19雷电26伤害3469易伤5卖塔69序列升级7核89矿等a攻速
22	52231 32213	6	   	269.60	橙4易伤2伤害1时间1卖塔	1雷电26伤害346a易伤5卖塔6序列升级7敌人爆炸8时间9核
23	52231 34213	7	   	269.60	橙4易伤2伤害1时间1卖塔	1雷电26伤害346a易伤5卖塔6序列升级7低血量敌人8时间9核
24	52231 34213	8	   	269.60	橙4易伤2伤害1时间1卖塔	1雷电26伤害346a易伤5卖塔6序列升级7低血量敌人8时间9核
25	62513 21253	5	 * 	269.55	橙4易伤2时间2攻速1全技能	125最后敌人3全技能457a易伤5a序列升级6a时间8a攻速9核
26	52231 32213	7	   	269.50	橙4易伤2伤害1时间1卖塔	1雷电26伤害346a易伤5卖塔6序列升级7挖尘8时间9核
27	52231 32213	8	   	269.50	橙4易伤2伤害1时间1卖塔	1雷电26伤害346a易伤5卖塔6序列升级7挖尘8时间9核
28	52231 33146	7	   	269.50	橙4易伤2伤害1时间1卖塔	1雷电26伤害3469易伤5卖塔6序列升级7核8双倍物品a时间
29	52231 33253	8	   	269.50	橙4易伤2伤害1时间1卖塔	1雷电26伤害346a易伤5卖塔6序列升级7核8时间9挖尘
30	52231 33253	7	   	269.50	橙4易伤2伤害1时间1卖塔	1雷电26伤害346a易伤5卖塔6序列升级7核8时间9挖尘
31	52231 33263	9	   	269.50	橙4易伤2伤害1时间1卖塔	1雷电26伤害346a易伤5卖塔6序列升级7核8时间9挖尘
32	52231 33264	8	   	269.50	橙4易伤2伤害1时间1卖塔	1雷电26伤害346a易伤5卖塔6序列升级7核8时间9赏金邻近
33	52231 33264	7	   	269.50	橙4易伤2伤害1时间1卖塔	1雷电26伤害346a易伤5卖塔6序列升级7核8时间9赏金邻近
34	52231 33363	7	   	269.50	橙4易伤2伤害1时间1卖塔	1雷电26伤害346a易伤5卖塔6序列升级7核8挖尘9时间
35	52231 33563	8	   	269.50	橙4易伤2伤害1时间1卖塔	1雷电26伤害346a易伤5卖塔6序列升级7核8挖尘9时间
36	52351 33342	9	 * 	269.30	橙2易伤2伤害3暴击1等级1时间2雷电	19雷电24伤害349暴击49序列升级5时间6矿等79易伤8核a等级
37	52231 33166	9	   	269.16	橙3易伤3伤害1等级2雷电1卖塔	19雷电268伤害346易伤5卖塔6序列升级7核a等级
38	52231 34131	8	 * 	269.01	橙4易伤3伤害1卖塔	1雷电268伤害3469易伤5卖塔6序列升级7低血量敌人a核
39	52351 21353	3	 * 	268.57	橙3易伤2伤害2暴击2雷电1攻速	19雷电29伤害36暴击4金币生成589易伤7核9序列升级a攻速
40	52231 24341	10	 * 	268.09	橙3易伤2伤害2时间2雷电1核弹1卖塔	19雷电2a伤害349易伤5卖塔6核弹79时间8核9序列升级
41	41133 33155	8	   	267.51	橙3易伤2伤害1时间2雷电1暴击	19金币生成249易伤35雷电6暴击7核89伤害9序列升级a时间
42	52231 33112	10	   	267.03	橙3易伤3伤害1攻速1全技能1卖塔	1雷电268伤害346易伤5卖塔6序列升级7核9全技能a攻速
43	52351 11353	3	   	266.91	橙3易伤3伤害2雷电1暴击	19雷电269伤害3暴击4金币生成589易伤7核9序列升级a矿等
44	52231 33435	10	   	266.90	橙4易伤2伤害1暴击1卖塔	1雷电26伤害346a易伤5卖塔6序列升级7核8加一9暴击
45	52231 33534	10	   	266.90	橙4易伤2伤害1暴击1卖塔	1雷电26伤害346a易伤5卖塔6序列升级7核8挖尘9暴击
46	41135 43331	5	 * 	266.84	橙4易伤2时间2暴击	19金币生成2479易伤3雷电5a时间6核89暴击9序列升级
47	52351 11351	3	   	266.81	橙3易伤3伤害2雷电1暴击	19雷电269伤害3暴击4金币生成589易伤7核9序列升级a掉矿
48	52233 33153	8	   	266.71	橙3易伤3伤害2雷电1暴击	15雷电289伤害34a易伤6暴击7核
49	31235 43243	5	 * 	266.66	橙4易伤3时间2雷电	1随机矿2a雷电347a易伤58a时间6核9立即金币a序列升级
50	52233 33234	10	 * 	266.50	橙2易伤2伤害2时间3雷电2暴击	15a雷电2a伤害34易伤69暴击7核8a时间a序列升级
51	52232 13313	6	   	265.81	橙4易伤1伤害1时间1暴击	1雷电2伤害347a易伤5最后敌人6时间8暴击9核
52	52232 43313	6	   	265.81	橙4易伤1伤害1时间1暴击	1雷电2伤害346a易伤5最后敌人7时间8暴击9核
53	52235 13313	5	   	265.81	橙4易伤1伤害1时间1暴击	1雷电2伤害347a易伤5时间6低血量敌人8暴击9核
54	52235 21313	5	   	265.81	橙4易伤1伤害1时间1暴击	1雷电2伤害346a易伤5时间7低血量敌人8暴击9核
55	52235 23313	6	   	265.81	橙4易伤1伤害1时间1暴击	1雷电2伤害347a易伤5时间6最后敌人8暴击9核
56	52235 33313	5	   	265.81	橙4易伤1伤害1时间1暴击	1雷电2伤害347a易伤5时间6最后敌人8暴击9核
57	52235 41313	6	   	265.81	橙4易伤1伤害1时间1暴击	1雷电2伤害346a易伤5时间7低血量敌人8暴击9核
58	53315 63313	5	   	265.81	橙4易伤1伤害1时间1暴击	1雷电257a易伤3最后敌人4时间6伤害8暴击9核
59	23121 66522	2	   	265.66	橙3易伤3伤害1等级1攻速	1立即金币27矿等3攻速47a易伤578伤害6核7序列升级9等级
60	23121 66522	1	   	265.66	橙3易伤3伤害1等级1攻速	1立即金币27矿等3攻速47a易伤578伤害6核7序列升级9等级
61	21121 66522	2	   	265.46	橙3易伤3伤害1等级1攻速	1立即金币27掉矿3攻速47a易伤578伤害6核7序列升级9等级
62	52363 11116	10	   	264.88	橙2易伤2伤害2时间1等级1暴击	1雷电2a伤害3暴击4随机矿5低血量敌人6核7a易伤8等级9a时间a序列升级
63	52123 25522	9	   	264.86	橙3易伤2伤害1等级2雷电1攻速	19雷电29伤害3攻速4基地爆炸589易伤6额外掉落7核9序列升级a等级
64	53416 21123	3	 * 	264.08	橙3易伤3时间1伤害2雷电	19雷电259易伤3平台4低血量敌人6伤害7核89a时间9序列升级
65	52351 33341	9	   	264.05	橙2易伤2伤害3暴击1时间2雷电1攻速	19雷电24伤害349暴击49序列升级5时间6矿等79易伤8核a攻速
66	52134 51123	2	   	263.98	橙3易伤3时间1伤害2雷电	19雷电2伤害349易伤5平台6挖青7核89a时间9序列升级
67	52234 51123	4	   	263.98	橙3易伤3时间1伤害2雷电	19雷电2伤害349易伤5平台6挖青7核89a时间9序列升级
68	52234 51123	3	   	263.98	橙3易伤3时间1伤害2雷电	19雷电2伤害349易伤5平台6挖青7核89a时间9序列升级
69	52433 43331	1	 * 	263.98	橙3易伤3时间2暴击2雷电	19雷电29a时间347易伤5矿等6核89暴击9序列升级
70	52231 33161	10	   	263.92	橙3易伤3伤害2雷电1攻速1卖塔	19雷电268伤害346易伤5卖塔6序列升级7核a攻速
71	52231 24342	9	   	263.73	橙3易伤3时间1伤害2雷电1核弹1卖塔	19雷电2伤害349易伤5卖塔6核弹79a时间8核9序列升级
72	52231 33221	7	   	263.21	橙3易伤2伤害1时间1等级1卖塔	1雷电26伤害346易伤5卖塔6序列升级7核8时间9等级a低血量敌人
73	52231 33221	8	   	263.21	橙3易伤2伤害1时间1等级1卖塔	1雷电26伤害346易伤5卖塔6序列升级7核8时间9等级a低血量敌人
74	52231 33223	8	   	263.21	橙3易伤2伤害1等级1时间1卖塔	1雷电26伤害346易伤5卖塔6序列升级7核8时间9等级a基地爆炸
75	52231 33223	7	   	263.21	橙3易伤2伤害1等级1时间1卖塔	1雷电26伤害346易伤5卖塔6序列升级7核8时间9等级a基地爆炸
76	52231 33225	8	   	263.21	橙3易伤2伤害1等级1时间1卖塔	1雷电26伤害346易伤5卖塔6序列升级7核8时间9等级a矿等
77	52231 33225	7	   	263.21	橙3易伤2伤害1等级1时间1卖塔	1雷电26伤害346易伤5卖塔6序列升级7核8时间9等级a矿等
78	52231 33226	8	   	263.21	橙3易伤2伤害1时间1等级1卖塔	1雷电26伤害346易伤5卖塔6序列升级7核8时间9等级a双倍矿
79	52231 33226	7	   	263.21	橙3易伤2伤害1时间1等级1卖塔	1雷电26伤害346易伤5卖塔6序列升级7核8时间9等级a双倍矿
80	52231 33331	9	   	263.21	橙3易伤2伤害1等级1时间1卖塔	1雷电26伤害346易伤5卖塔6序列升级7核8金币生成9等级a时间
81	52231 33336	10	   	263.21	橙3易伤2伤害1等级1时间1卖塔	1雷电26伤害346易伤5卖塔6序列升级7核8金币生成9等级a时间
82	52231 34216	8	   	263.21	橙3易伤2伤害1时间1等级1卖塔	1雷电26伤害346易伤5卖塔6序列升级7低血量敌人8时间9核a等级
83	52231 34216	7	   	263.21	橙3易伤2伤害1时间1等级1卖塔	1雷电26伤害346易伤5卖塔6序列升级7低血量敌人8时间9核a等级
84	52231 32216	7	   	263.11	橙3易伤2伤害1时间1等级1卖塔	1雷电26伤害346易伤5卖塔6序列升级7挖尘8时间9核a等级
85	52231 32216	8	   	263.11	橙3易伤2伤害1时间1等级1卖塔	1雷电26伤害346易伤5卖塔6序列升级7挖尘8时间9核a等级
86	52231 33256	8	   	263.11	橙3易伤2伤害1时间1等级1卖塔	1雷电26伤害346易伤5卖塔6序列升级7核8时间9挖尘a等级
87	52231 33256	7	   	263.11	橙3易伤2伤害1时间1等级1卖塔	1雷电26伤害346易伤5卖塔6序列升级7核8时间9挖尘a等级
88	52231 33266	9	   	263.11	橙3易伤2伤害1时间1等级1卖塔	1雷电26伤害346易伤5卖塔6序列升级7核8时间9挖尘a等级
89	52231 33322	7	   	263.11	橙3易伤2伤害1时间1等级1卖塔	1雷电26伤害346易伤5卖塔6序列升级7核8挖尘9等级a时间
90	52231 33366	7	   	263.11	橙3易伤2伤害1时间1等级1卖塔	1雷电26伤害346易伤5卖塔6序列升级7核8挖尘9时间a等级
91	52231 33422	8	   	263.11	橙3易伤2伤害1时间1等级1卖塔	1雷电26伤害346易伤5卖塔6序列升级7核8加一9等级a时间
92	52231 33522	8	   	263.11	橙3易伤2伤害1时间1等级1卖塔	1雷电26伤害346易伤5卖塔6序列升级7核8挖尘9等级a时间
93	52231 33133	9	   	262.62	橙3易伤3伤害1时间1卖塔	1雷电268伤害346易伤5卖塔6序列升级7核9低血量敌人a时间
94	52231 33135	9	   	262.62	橙3易伤3伤害1等级1卖塔	1雷电268伤害346易伤5卖塔6序列升级7核9低血量敌人a等级
95	52231 33153	8	   	262.62	橙3易伤3伤害1时间1卖塔	1雷电268伤害346易伤5卖塔6序列升级7核9低血量敌人a时间
96	52231 33155	8	   	262.62	橙3易伤3伤害1等级1卖塔	1雷电268伤害346易伤5卖塔6序列升级7核9低血量敌人a等级
97	52231 33221	10	   	262.62	橙3易伤3伤害1时间1卖塔	1雷电26a伤害346易伤5卖塔6序列升级7核8时间9金币生成
98	52231 33361	10	   	262.62	橙3易伤3伤害1时间1卖塔	1雷电26a伤害346易伤5卖塔6序列升级7核8金币生成9时间
99	52231 33116	9	   	262.58	橙3易伤3伤害2雷电1全技能1卖塔	1a雷电268伤害346易伤5卖塔6序列升级7核9全技能
100	52231 33126	8	   	262.58	橙3易伤3伤害2雷电1全技能1卖塔	1a雷电268伤害346易伤5卖塔6序列升级7核9全技能
101	13333 23441	2	   	262.57	橙3易伤3时间1伤害1暴击	1挖尘256时间36a易伤4赏金塔6序列升级7伤害8暴击9核
102	13343 23441	2	   	262.57	橙3易伤3时间1伤害1暴击	1挖尘256时间36a易伤4赏金邻近6序列升级7伤害8暴击9核
103	16313 23441	1	   	262.57	橙3易伤3时间1伤害1暴击	1挖尘2赏金邻近36a易伤456时间6序列升级7伤害8暴击9核
104	52231 33211	10	   	262.52	橙3易伤3伤害1时间1卖塔	1雷电26a伤害346易伤5卖塔6序列升级7核8时间9掉矿
105	52221 25231	5	 * 	262.38	橙4易伤2暴击1伤害2雷电1卖塔	18雷电2伤害3789易伤4立即金币5卖塔68暴击8序列升级a核
106	52231 24231	5	 * 	262.38	橙4易伤2暴击1伤害2雷电1卖塔	18雷电2伤害3489易伤5卖塔68暴击7双倍矿8序列升级a核
107	52231 33143	9	   	262.37	橙3易伤3伤害1时间2卖塔	1雷电268伤害346易伤59卖塔6序列升级7核a时间
108	52231 33145	9	   	262.37	橙3易伤3伤害1等级2卖塔	1雷电268伤害346易伤59卖塔6序列升级7核a等级
109	41133 33153	8	   	262.26	橙3易伤2伤害2雷电1暴击1攻速	19金币生成249易伤35雷电6暴击7核89伤害9序列升级a攻速
110	52233 33166	8	   	262.06	橙3易伤2伤害2雷电1暴击1攻速	15雷电28伤害349易伤6暴击7核a攻速
111	53238 23313	2	   	261.90	橙4易伤1时间1等级1暴击	1雷电246a易伤3加一5等级7时间8暴击9核
112	52235 11432	10	 * 	261.69	橙3易伤2伤害2时间	1雷电29伤害348易伤56时间7矿等a核
113	52235 12432	10	   	261.69	橙3易伤2伤害2时间	1雷电29伤害348易伤56时间7金币生成a核
114	41131 25341	10	   	261.65	橙3易伤2伤害2时间1卖塔	19金币生成249易伤3雷电5卖塔6a伤害79时间8核9序列升级
115	52231 32216	6	   	261.55	橙3易伤2伤害2时间1卖塔	1雷电26伤害346易伤5卖塔6序列升级7敌人爆炸8a时间9核
116	52231 33212	7	   	261.55	橙3易伤2伤害2时间1卖塔	1雷电26伤害346易伤5卖塔6序列升级7核8a时间9随机矿
117	52231 33212	8	   	261.55	橙3易伤2伤害2时间1卖塔	1雷电26伤害346易伤5卖塔6序列升级7核8a时间9随机矿
118	52231 33222	9	   	261.55	橙3易伤2伤害2时间1卖塔	1雷电26伤害346易伤5卖塔6序列升级7核8a时间9金币生成
119	52231 33232	8	   	261.55	橙3易伤2伤害2时间1卖塔	1雷电26伤害346易伤5卖塔6序列升级7核8a时间9矿等
120	52231 33232	7	   	261.55	橙3易伤2伤害2时间1卖塔	1雷电26伤害346易伤5卖塔6序列升级7核8a时间9矿等
121	52231 33245	7	   	261.55	橙3易伤2伤害2时间1卖塔	1雷电26伤害346易伤5卖塔6序列升级7核8a时间9平台
122	52231 33245	8	   	261.55	橙3易伤2伤害2时间1卖塔	1雷电26伤害346易伤5卖塔6序列升级7核8a时间9平台
123	52231 33362	9	   	261.55	橙3易伤2伤害2时间1卖塔	1雷电26伤害346易伤5卖塔6序列升级7核8金币生成9a时间
124	52231 33212	9	   	261.45	橙3易伤2伤害2时间1卖塔	1雷电26伤害346易伤5卖塔6序列升级7核8a时间9掉矿
125	52231 33261	8	   	261.45	橙3易伤2伤害2时间1卖塔	1雷电26伤害346易伤5卖塔6序列升级7核8a时间9赏金邻近
126	52231 33261	7	   	261.45	橙3易伤2伤害2时间1卖塔	1雷电26伤害346易伤5卖塔6序列升级7核8a时间9赏金邻近
127	52111 54213	3	   	261.10	橙2易伤2伤害1时间1等级1暴击1攻速	1雷电27伤害3攻速4暴击5a易伤6等级8时间9核
128	52231 26226	5	 * 	260.99	橙3易伤3雷电2暴击1伤害1等级1卖塔	178雷电2伤害348易伤5卖塔68暴击8序列升级9等级a核
129	53134 14213	2	   	260.76	橙3易伤2伤害1时间1暴击	1雷电24a易伤3低血量敌人5暴击67伤害8时间9核
130	53334 14213	3	   	260.76	橙3易伤2伤害1时间1暴击	1雷电24a易伤3最后敌人5暴击67伤害8时间9核
131	53334 14213	4	   	260.76	橙3易伤2伤害1时间1暴击	1雷电24a易伤3最后敌人5暴击67伤害8时间9核
132	52136 14213	2	   	260.76	橙3易伤2伤害1时间1暴击	1雷电27伤害34a易伤5暴击6敌人爆炸8时间9核
133	52236 14213	3	   	260.76	橙3易伤2伤害1时间1暴击	1雷电27伤害34a易伤5暴击6敌人爆炸8时间9核
134	52236 14213	4	   	260.76	橙3易伤2伤害1时间1暴击	1雷电27伤害34a易伤5暴击6敌人爆炸8时间9核
135	41133 33235	7	   	260.69	橙3易伤2时间1等级2雷电1暴击	19金币生成249易伤35雷电6暴击7核89时间9序列升级a等级
136	13434 14213	1	   	260.66	橙3易伤2伤害1时间1暴击	1挖尘2雷电34a易伤5暴击67伤害8时间9核
137	53234 14213	4	   	260.66	橙3易伤2伤害1时间1暴击	1雷电24a易伤3挖尘5暴击67伤害8时间9核
138	53234 14213	3	   	260.66	橙3易伤2伤害1时间1暴击	1雷电24a易伤3挖尘5暴击67伤害8时间9核
139	52221 33234	10	   	260.61	橙3易伤2伤害1时间1暴击1卖塔	1雷电26伤害36a易伤4立即金币5卖塔6序列升级7核8时间9暴击
140	52231 33231	10	   	260.61	橙3易伤2伤害1时间1暴击1卖塔	1雷电26伤害346易伤5卖塔6序列升级7核8时间9暴击a基地爆炸
141	52231 33233	9	   	260.61	橙3易伤2伤害1时间1暴击1卖塔	1雷电26伤害346易伤5卖塔6序列升级7核8时间9暴击a策反
142	52231 33234	9	   	260.61	橙3易伤2伤害1时间1暴击1卖塔	1雷电26伤害346易伤5卖塔6序列升级7核8时间9暴击a低血量敌人
143	52231 33235	10	   	260.61	橙3易伤2伤害1时间1暴击1卖塔	1雷电26伤害346易伤5卖塔6序列升级7核8时间9暴击a策反
144	52231 31642	10	   	260.51	橙3易伤2伤害1等级1暴击1卖塔	1雷电26伤害346易伤5卖塔6序列升级7掉矿8暴击9等级a核
145	52231 33236	10	   	260.51	橙3易伤2伤害1时间1暴击1卖塔	1雷电26伤害346易伤5卖塔6序列升级7核8时间9暴击a挖尘
146	52231 33236	9	   	260.51	橙3易伤2伤害1时间1暴击1卖塔	1雷电26伤害346易伤5卖塔6序列升级7核8时间9暴击a挖尘
147	52231 33432	9	   	260.51	橙3易伤2伤害1时间1暴击1卖塔	1雷电26伤害346易伤5卖塔6序列升级7核8加一9暴击a时间
148	52231 33432	10	   	260.51	橙3易伤2伤害1时间1暴击1卖塔	1雷电26伤害346易伤5卖塔6序列升级7核8加一9暴击a时间
149	52231 33532	9	   	260.51	橙3易伤2伤害1时间1暴击1卖塔	1雷电26伤害346易伤5卖塔6序列升级7核8挖尘9暴击a时间
150	52231 33532	10	   	260.51	橙3易伤2伤害1时间1暴击1卖塔	1雷电26伤害346易伤5卖塔6序列升级7核8挖尘9暴击a时间
151	41135 13141	8	   	260.26	橙3易伤3时间1等级2雷电	17金币生成24a易伤37雷电567时间7序列升级8核9等级
152	52231 33351	8	   	260.10	橙4易伤2伤害2雷电1卖塔	19雷电26伤害3469易伤5卖塔69序列升级7核89金币生成a立即金币
153	52231 33354	8	   	260.10	橙4易伤2伤害2雷电1卖塔	19雷电26伤害3469易伤5卖塔69序列升级7核89金币生成a随机矿
154	52231 33356	8	   	260.10	橙4易伤2伤害2雷电1卖塔	19雷电26伤害3469易伤5卖塔69序列升级7核89金币生成a低血量敌人
155	52231 33651	7	   	260.10	橙4易伤2伤害2雷电1卖塔	19雷电26伤害3469易伤5卖塔69序列升级7核89矿等a立即金币
156	55513 13113	9	   	260.06	橙3易伤3时间1等级2雷电	19雷电246时间37a易伤5等级8核
157	52231 33141	8	   	260.02	橙3易伤3伤害1暴击1卖塔	1雷电268伤害346易伤5卖塔6序列升级7核9暴击a矿等
158	52231 33144	8	   	260.02	橙3易伤3伤害1暴击1卖塔	1雷电268伤害346易伤5卖塔6序列升级7核9暴击a基地爆炸
159	52231 33352	8	   	260.00	橙4易伤2伤害2雷电1卖塔	19雷电26伤害3469易伤5卖塔69序列升级7核89金币生成a掉矿
160	52231 33652	7	   	260.00	橙4易伤2伤害2雷电1卖塔	19雷电26伤害3469易伤5卖塔69序列升级7核89矿等a掉矿
161	52231 33142	8	   	259.92	橙3易伤3伤害1暴击1卖塔	1雷电268伤害346易伤5卖塔6序列升级7核9暴击a挖尘
162	52231 33143	8	   	259.92	橙3易伤3伤害1暴击1卖塔	1雷电268伤害346易伤5卖塔6序列升级7核9暴击a赏金塔
163	52231 33431	9	   	259.92	橙3易伤3伤害1暴击1卖塔	1雷电26a伤害346易伤5卖塔6序列升级7核8加一9暴击
164	52231 33531	9	   	259.92	橙3易伤3伤害1暴击1卖塔	1雷电26a伤害346易伤5卖塔6序列升级7核8挖尘9暴击
165	52231 32562	6	   	259.90	橙4易伤2伤害2雷电1卖塔	18雷电26伤害3469易伤5卖塔6序列升级7敌人爆炸a核
166	52231 33562	7	   	259.90	橙4易伤2伤害2雷电1卖塔	18雷电26伤害3469易伤5卖塔6序列升级7核a随机矿
167	22324 35623	1	   	259.69	橙4易伤2时间2攻速	12立即金币348a易伤5赏金塔6a时间7核9a攻速a序列升级
168	21121 66126	2	 * 	259.52	橙3易伤3伤害2攻速	18立即金币279掉矿3a攻速47a易伤57a伤害6核7a序列升级
169	52232 13316	6	   	259.42	橙3易伤1伤害1等级1时间1暴击	1雷电2伤害347易伤5最后敌人6时间8暴击9核a等级
170	52232 43316	6	   	259.42	橙3易伤1伤害1等级1时间1暴击	1雷电2伤害346易伤5最后敌人7时间8暴击9核a等级
171	52235 13316	5	   	259.42	橙3易伤1伤害1时间1等级1暴击	1雷电2伤害347易伤5时间6低血量敌人8暴击9核a等级
172	52235 21316	5	   	259.42	橙3易伤1伤害1时间1等级1暴击	1雷电2伤害346易伤5时间7低血量敌人8暴击9核a等级
173	52235 23316	6	   	259.42	橙3易伤1伤害1等级1时间1暴击	1雷电2伤害347易伤5时间6最后敌人8暴击9核a等级
174	52235 33316	5	   	259.42	橙3易伤1伤害1等级1时间1暴击	1雷电2伤害347易伤5时间6最后敌人8暴击9核a等级
175	41125 43331	3	   	258.91	橙4易伤2暴击1时间2雷电	19金币生成2479易伤34雷电49序列升级5最后敌人6核89暴击a时间
176	53133 43331	2	   	258.81	橙4易伤2暴击1时间2雷电	19雷电2479易伤3低血量敌人5矿等6核89暴击9序列升级a时间
177	53133 43335	2	   	258.81	橙4易伤2暴击1等级2雷电	19雷电2479易伤3低血量敌人5矿等6核89暴击9序列升级a等级
178	53333 43331	3	   	258.81	橙4易伤2暴击1时间2雷电	19雷电2479易伤3最后敌人5矿等6核89暴击9序列升级a时间
179	53333 43331	4	   	258.81	橙4易伤2暴击1时间2雷电	19雷电2479易伤3最后敌人5矿等6核89暴击9序列升级a时间
180	53333 43335	3	   	258.81	橙4易伤2暴击1等级2雷电	19雷电2479易伤3最后敌人5矿等6核89暴击9序列升级a等级
181	53333 43335	4	   	258.81	橙4易伤2暴击1等级2雷电	19雷电2479易伤3最后敌人5矿等6核89暴击9序列升级a等级
182	13333 24441	2	   	258.76	橙3易伤3时间1等级1暴击	1挖尘256时间36a易伤4赏金塔6序列升级7暴击8等级9核
183	21136 25236	1	   	258.71	橙4易伤1伤害1时间2雷电	1立即金币2赏金邻近3伤害46雷电5679易伤6序列升级8时间a核
184	53332 43331	5	   	258.71	橙4易伤2暴击1时间2雷电	19雷电2479易伤3最后敌人5掉矿6核89暴击9序列升级a时间
185	53332 43335	5	   	258.71	橙4易伤2暴击1等级2雷电	19雷电2479易伤3最后敌人5掉矿6核89暴击9序列升级a等级
186	53522 43331	5	   	258.71	橙4易伤2暴击1时间2雷电	19雷电2379易伤4掉矿5最后敌人6核89暴击9序列升级a时间
187	52221 35512	8	   	258.57	橙3易伤2伤害2攻速2雷电1卖塔	18雷电26伤害368易伤4立即金币5卖塔68序列升级78攻速9掉矿a核
188	53223 11763	2	   	258.46	橙4易伤1伤害1时间2雷电1卖塔	15雷电259a易伤3加一4卖塔5序列升级6伤害7时间8核
189	31235 43422	5	 * 	258.34	橙4易伤2时间3雷电	1随机矿29a雷电347a易伤5a时间6核8赏金邻近a序列升级
190	52111 51313	3	   	258.10	橙2易伤2时间1伤害1等级1暴击1攻速	1雷电2伤害3攻速4暴击5a易伤6等级78时间9核
191	53313 31125	3	   	258.04	橙3易伤2时间1等级2雷电1攻速	19雷电269易伤3最后敌人4攻速5平台7核89时间9序列升级a等级
192	52231 33165	10	 * 	257.92	橙3易伤3伤害3雷电1卖塔	19a雷电268伤害346易伤5卖塔6序列升级7核
193	52231 33261	10	   	257.86	橙3易伤2伤害1时间1攻速1卖塔	1雷电26伤害346易伤5卖塔6序列升级7核8时间9挖尘a攻速
194	52231 35631	8	   	257.86	橙3易伤2伤害1时间1攻速1卖塔	1雷电26伤害346易伤5卖塔6序列升级7攻速8掉矿9核a时间
195	52351 43223	10	 * 	257.81	橙3时间1易伤2伤害2暴击1等级2雷电	16雷电24伤害34暴击46序列升级568时间7核9等级a易伤
196	52235 11313	6	   	257.75	橙3易伤2时间1伤害1暴击	1雷电2伤害34a易伤56时间7低血量敌人8暴击9核
197	52134 63313	1	   	257.75	橙3易伤2时间1伤害1暴击	1雷电25时间3低血量敌人47a易伤6伤害8暴击9核
198	52136 51313	2	   	257.75	橙3易伤2时间1伤害1暴击	1雷电2伤害34a易伤5暴击6基地爆炸78时间9核
199	52232 11313	6	   	257.75	橙3易伤2时间1伤害1暴击	1雷电2伤害34a易伤5最后敌人68时间7暴击9核
200	52234 11313	6	   	257.75	橙3易伤2时间1伤害1暴击	1雷电2伤害34a易伤5基地爆炸68时间7暴击9核
201	52235 11313	5	   	257.75	橙3易伤2时间1伤害1暴击	1雷电2伤害34a易伤58时间6低血量敌人7暴击9核
202	52235 21313	6	   	257.75	橙3易伤2时间1伤害1暴击	1雷电2伤害34a易伤58时间6最后敌人7暴击9核
203	52235 31313	5	   	257.75	橙3易伤2时间1伤害1暴击	1雷电2伤害34a易伤58时间6最后敌人7暴击9核
204	52236 51313	3	   	257.75	橙3易伤2时间1伤害1暴击	1雷电2伤害34a易伤5暴击6基地爆炸78时间9核
205	52236 51313	4	   	257.75	橙3易伤2时间1伤害1暴击	1雷电2伤害34a易伤5暴击6基地爆炸78时间9核
206	52432 61313	1	   	257.75	橙3易伤2时间1伤害1暴击	1雷电28时间34a易伤5基地爆炸6伤害7暴击9核
207	52434 12313	1	   	257.75	橙3易伤2时间1伤害1暴击	1雷电28时间34a易伤5暴击6伤害7低血量敌人9核
208	53134 11313	2	   	257.75	橙3易伤2时间1伤害1暴击	1雷电24a易伤3低血量敌人5暴击6伤害78时间9核
209	53311 63313	5	   	257.75	橙3易伤2时间1伤害1暴击	1雷电27a易伤3最后敌人45时间6伤害8暴击9核
210	53314 63313	4	   	257.75	橙3易伤2时间1伤害1暴击	1雷电27a易伤3最后敌人45时间6伤害8暴击9核
211	53315 61313	5	   	257.75	橙3易伤2时间1伤害1暴击	1雷电25a易伤3最后敌人48时间6伤害7暴击9核
212	53334 11313	3	   	257.75	橙3易伤2时间1伤害1暴击	1雷电24a易伤3最后敌人5暴击6伤害78时间9核
213	53334 11313	4	   	257.75	橙3易伤2时间1伤害1暴击	1雷电24a易伤3最后敌人5暴击6伤害78时间9核
214	55313 63313	5	   	257.75	橙3易伤2时间1伤害1暴击	1雷电24时间3最后敌人57a易伤6伤害8暴击9核
215	41133 33231	7	   	257.66	橙3易伤3时间2雷电1暴击	19金币生成249易伤35雷电6暴击7核89a时间9序列升级
216	13125 61611	10	   	257.65	橙3易伤2时间1伤害1暴击	1挖尘27时间3雷电456易伤8暴击9核a伤害
217	52235 31313	6	   	257.65	橙3易伤2时间1伤害1暴击	1雷电2伤害34a易伤58时间6挖尘7暴击9核
218	13125 21313	6	   	257.65	橙3易伤2时间1伤害1暴击	1挖尘28时间3雷电45a易伤6伤害7暴击9核
219	13125 61313	5	   	257.65	橙3易伤2时间1伤害1暴击	1挖尘28时间3雷电45a易伤6伤害7暴击9核
220	13434 11313	1	   	257.65	橙3易伤2时间1伤害1暴击	1挖尘2雷电34a易伤5暴击6伤害78时间9核
221	51434 11313	2	   	257.65	橙3易伤2时间1伤害1暴击	1雷电2挖尘34a易伤5暴击6伤害78时间9核
222	51515 21313	6	   	257.65	橙3易伤2时间1伤害1暴击	1雷电2挖尘35a易伤48时间6伤害7暴击9核
223	51534 11313	4	   	257.65	橙3易伤2时间1伤害1暴击	1雷电2挖尘34a易伤5暴击6伤害78时间9核
224	51534 11313	3	   	257.65	橙3易伤2时间1伤害1暴击	1雷电2挖尘34a易伤5暴击6伤害78时间9核
225	52136 61313	2	   	257.65	橙3易伤2时间1伤害1暴击	1雷电2伤害34a易伤5暴击6挖尘78时间9核
226	52236 61313	4	   	257.65	橙3易伤2时间1伤害1暴击	1雷电2伤害34a易伤5暴击6挖尘78时间9核
227	52236 61313	3	   	257.65	橙3易伤2时间1伤害1暴击	1雷电2伤害34a易伤5暴击6挖尘78时间9核
228	53215 21313	6	   	257.65	橙3易伤2时间1伤害1暴击	1雷电25a易伤3挖尘48时间6伤害7暴击9核
229	53215 61313	5	   	257.65	橙3易伤2时间1伤害1暴击	1雷电25a易伤3挖尘48时间6伤害7暴击9核
230	53234 11313	4	   	257.65	橙3易伤2时间1伤害1暴击	1雷电24a易伤3挖尘5暴击6伤害78时间9核
231	53234 11313	3	   	257.65	橙3易伤2时间1伤害1暴击	1雷电24a易伤3挖尘5暴击6伤害78时间9核
232	53514 11313	4	   	257.65	橙3易伤2时间1伤害1暴击	1雷电23a易伤4挖青5暴击6伤害78时间9核
233	55225 21313	6	   	257.65	橙3易伤2时间1伤害1暴击	1雷电28时间3挖尘45a易伤6伤害7暴击9核
234	52351 21351	3	   	257.57	橙3易伤2伤害2暴击2雷电	19雷电29伤害36暴击4金币生成589易伤7核9序列升级a立即金币
235	52351 21352	3	   	257.47	橙3易伤2伤害2暴击2雷电	19雷电29伤害36暴击4金币生成589易伤7核9序列升级a掉矿
236	52231 33162	8	   	257.37	橙3易伤3伤害1攻速1卖塔	1雷电268伤害346易伤5卖塔6序列升级7核9随机矿a攻速
237	52233 33135	9	   	257.37	橙3易伤2伤害2暴击2雷电	15雷电28伤害34a易伤69暴击7核
238	52233 33161	8	   	257.37	橙3易伤2伤害2暴击2雷电	15雷电28伤害349易伤6a暴击7核
239	52313 11441	10	   	257.37	橙3易伤2伤害2暴击2雷电	19雷电2a伤害39暴击4掉矿5挖尘6核789易伤9序列升级
240	41131 25342	9	   	257.28	橙3易伤3时间1伤害1卖塔	19金币生成249易伤3雷电5卖塔6伤害79a时间8核9序列升级
241	52231 33145	10	   	257.12	橙3易伤3伤害1攻速2卖塔	1雷电268伤害346易伤59卖塔6序列升级7核a攻速
242	52232 33435	5	   	257.08	橙2易伤3伤害2时间2雷电	19雷电29a伤害34易伤5最后敌人6赏金邻近79时间8核9序列升级
243	31231 24341	10	   	256.94	橙2易伤3伤害2时间2雷电1卖塔	1随机矿29雷电34易伤5卖塔69a伤害79时间8核9序列升级
244	52436 13313	1	   	256.75	橙4易伤1时间1暴击1攻速	1雷电2时间347a易伤5攻速6低血量敌人8暴击9核
245	52436 21313	1	   	256.75	橙4易伤1时间1暴击1攻速	1雷电2时间346a易伤5攻速7低血量敌人8暴击9核
246	52436 33313	1	   	256.75	橙4易伤1时间1暴击1攻速	1雷电2时间347a易伤5攻速6最后敌人8暴击9核
247	53516 23313	4	   	256.65	橙4易伤1时间1暴击1攻速	1雷电236a易伤4挖青5攻速7时间8暴击9核
248	52233 33125	9	   	256.65	橙2易伤2伤害1时间1等级2雷电1暴击	15雷电28伤害34易伤6暴击7核9等级a时间
249	52233 33165	9	   	256.65	橙2易伤2伤害1时间1等级2雷电1暴击	15雷电28伤害34易伤6暴击7核9时间a等级
250	52321 63113	2	   	256.65	橙2易伤2伤害1等级1时间2雷电1暴击	13雷电23伤害3序列升级4等级5暴击6时间7a易伤8掉矿9核
251	52231 33333	9	   	256.62	橙3易伤2伤害1等级1全技能1卖塔	1雷电26伤害346易伤5卖塔6序列升级7核8金币生成9等级a全技能
252	52231 33263	8	   	256.52	橙3易伤2伤害1时间1全技能1卖塔	1雷电26伤害346易伤5卖塔6序列升级7核8时间9赏金邻近a全技能
253	52231 33263	7	   	256.52	橙3易伤2伤害1时间1全技能1卖塔	1雷电26伤害346易伤5卖塔6序列升级7核8时间9赏金邻近a全技能
254	23121 66161	1	   	256.39	橙4易伤2伤害1攻速	18立即金币27矿等3攻速479a易伤57伤害6核7序列升级
255	23121 66161	2	   	256.39	橙4易伤2伤害1攻速	18立即金币27矿等3攻速479a易伤57伤害6核7序列升级
256	52233 33353	8	 * 	256.26	橙3易伤2伤害3雷电1暴击	159雷电29伤害34a易伤6暴击7核89金币生成9序列升级
257	52233 33156	8	   	256.05	橙2易伤3伤害1等级2雷电1暴击	15雷电289伤害34易伤6暴击7核a等级
258	52313 11442	9	   	256.03	橙3易伤1伤害2暴击1时间2雷电	19雷电2伤害39暴击4掉矿5挖尘6核789易伤9序列升级a时间
259	52231 33123	9	   	256.03	橙3易伤3伤害1全技能1卖塔	1雷电268伤害346易伤5卖塔6序列升级7核9额外掉落a全技能
260	52231 33113	10	   	256.03	橙3易伤3伤害1全技能1卖塔	1雷电268伤害346易伤5卖塔6序列升级7核9全技能a额外掉落
261	52231 33113	9	   	256.03	橙3易伤3伤害1全技能1卖塔	1雷电268伤害346易伤5卖塔6序列升级7核9全技能a敌人爆炸
262	52231 33114	10	   	256.03	橙3易伤3伤害1全技能1卖塔	1雷电268伤害346易伤5卖塔6序列升级7核9全技能a最后敌人
263	52231 33115	9	   	256.03	橙3易伤3伤害1全技能1卖塔	1雷电268伤害346易伤5卖塔6序列升级7核9全技能a低血量敌人
264	52231 33123	8	   	256.03	橙3易伤3伤害1全技能1卖塔	1雷电268伤害346易伤5卖塔6序列升级7核9全技能a敌人爆炸
265	52231 33125	8	   	256.03	橙3易伤3伤害1全技能1卖塔	1雷电268伤害346易伤5卖塔6序列升级7核9全技能a低血量敌人
266	52233 33145	7	   	256.01	橙4易伤1伤害2雷电1暴击	15雷电2伤害349a易伤6暴击7核8双倍物品
267	53223 62334	8	 * 	256.01	橙4易伤2等级2雷电1暴击	17雷电2678易伤3挖尘4掉矿57等级7序列升级9暴击a核
268	22323 42543	1	 * 	255.96	橙3易伤2时间1伤害2暴击	12立即金币34a易伤5伤害6a时间7a暴击8平台9核a序列升级
269	52231 33111	10	   	255.93	橙3易伤3伤害1全技能1卖塔	1雷电268伤害346易伤5卖塔6序列升级7核9全技能a掉矿
270	52231 33112	9	   	255.93	橙3易伤3伤害1全技能1卖塔	1雷电268伤害346易伤5卖塔6序列升级7核9全技能a掉矿
271	52231 33115	10	   	255.93	橙3易伤3伤害1全技能1卖塔	1雷电268伤害346易伤5卖塔6序列升级7核9全技能a挖尘
272	52231 33115	8	   	255.93	橙3易伤3伤害1全技能1卖塔	1雷电268伤害346易伤5卖塔6序列升级7核9赏金邻近a全技能
273	52231 33122	8	   	255.93	橙3易伤3伤害1全技能1卖塔	1雷电268伤害346易伤5卖塔6序列升级7核9全技能a掉矿
274	52351 33335	9	 * 	255.91	橙2易伤3伤害2暴击1时间	1雷电249伤害34暴击4序列升级5时间6矿等7a易伤8核
275	52351 33311	10	   	255.91	橙2易伤3伤害2暴击1时间	1雷电24a伤害34暴击4序列升级5时间6矿等79易伤8核
276	31132 25652	2	 * 	255.55	橙5易伤1伤害	1随机矿2雷电34679易伤56矿等6序列升级8核a伤害
277	31232 25652	4	   	255.55	橙5易伤1伤害	1随机矿2雷电34679易伤56矿等6序列升级8核a伤害
278	31232 25652	3	   	255.55	橙5易伤1伤害	1随机矿2雷电34679易伤56矿等6序列升级8核a伤害
279	53313 31126	3	   	255.44	橙3易伤2时间2雷电1暴击1攻速	19雷电269易伤3最后敌人4攻速5平台7核89时间9序列升级a暴击
280	22512 53261	8	   	255.05	橙4易伤2伤害1全技能	1立即金币269最后敌人3全技能489a易伤59伤害7核9序列升级
281	53313 31123	3	   	255.02	橙3易伤3时间2雷电1攻速	19雷电269易伤3最后敌人4攻速5平台7核89a时间9序列升级
282	14113 51413	1	   	254.97	橙3易伤3时间1等级1全技能	18a挖尘2全技能38a时间4矿等5等级6立即金币78a易伤8a序列升级9核
283	16312 22363	5	   	254.95	橙4易伤2伤害1全技能	129挖尘3a伤害489a易伤59a低血量敌人6全技能7核9a序列升级
284	52351 11313	7	   	254.84	橙2易伤2伤害2时间2暴击	1雷电24伤害34暴击4序列升级58时间6最后敌人7a易伤9核
285	52351 33312	9	   	254.84	橙2易伤2伤害2时间2暴击	1雷电24伤害34暴击4序列升级5a时间6矿等79易伤8核
286	52134 41123	2	 * 	254.76	橙2易伤3时间2伤害2雷电	19雷电29伤害34易伤5平台6低血量敌人7核89a时间9序列升级
287	52234 41123	4	   	254.76	橙2易伤3时间2伤害2雷电	19雷电29伤害34易伤5平台6低血量敌人7核89a时间9序列升级
288	52234 41123	3	   	254.76	橙2易伤3时间2伤害2雷电	19雷电29伤害34易伤5平台6低血量敌人7核89a时间9序列升级
289	52351 51313	7	   	254.74	橙2易伤2伤害2时间2暴击	1雷电24伤害34暴击4序列升级58时间6挖尘7a易伤9核
290	52351 51313	8	   	254.74	橙2易伤2伤害2时间2暴击	1雷电24伤害34暴击4序列升级58时间6挖尘7a易伤9核
291	31231 24342	9	   	254.51	橙2易伤3时间2伤害2雷电1卖塔	1随机矿29雷电34易伤5卖塔69伤害79a时间8核9序列升级
292	52631 33313	2	   	254.17	橙3易伤1伤害1等级1暴击1攻速	1雷电2伤害3最后敌人47a易伤5攻速6等级8暴击9核
293	53535 33133	9	   	254.17	橙3易伤1伤害1等级1暴击1攻速	1雷电239易伤4立即金币5等级6暴击7核8伤害a攻速
294	52116 23313	2	   	254.07	橙3易伤1伤害1时间1暴击1攻速	1雷电2伤害36a易伤4掉矿5攻速7时间8暴击9核
295	52145 23313	5	   	254.07	橙3易伤1伤害1时间1暴击1攻速	1雷电2伤害3攻速4掉矿5时间67a易伤8暴击9核
296	52216 23313	3	   	254.07	橙3易伤1伤害1时间1暴击1攻速	1雷电2伤害36a易伤4掉矿5攻速7时间8暴击9核
297	41135 43322	5	   	253.94	橙3易伤2时间1等级1暴击	1金币生成247易伤3雷电5a时间6核8暴击9等级
298	52433 43322	1	   	253.94	橙3易伤2时间1等级1暴击	1雷电2a时间347易伤5矿等6核8暴击9等级
299	53333 41323	5	   	253.94	橙3易伤2时间1等级1暴击	1雷电24a易伤3最后敌人5等级6核7暴击89时间
300	52231 33438	9	   	253.92	橙3易伤2伤害1暴击1全技能1卖塔	1雷电26伤害346易伤5卖塔6序列升级7核8加一9暴击a全技能
301	53235 61313	2	   	253.84	橙3易伤2时间1等级1暴击	1雷电24a易伤3加一5暴击6等级78时间9核
302	53513 41323	5	   	253.84	橙3易伤2时间1等级1暴击	1雷电23a易伤4挖青5等级6核7暴击89时间
303	52221 33355	8	   	253.71	橙3易伤2伤害1时间2雷电1卖塔	19雷电26伤害369易伤4立即金币5卖塔69序列升级7核89金币生成a时间
304	52233 33222	8	   	253.64	橙2易伤2时间1伤害1等级2雷电1暴击	15雷电2伤害34易伤6暴击7核8a时间9等级
305	52233 33222	7	   	253.64	橙2易伤2时间1伤害1等级2雷电1暴击	15雷电2伤害34易伤6暴击7核8a时间9等级
306	41131 21355	6	   	253.61	橙3易伤2伤害1时间2雷电1卖塔	19金币生成248易伤39雷电5卖塔69伤害7核9序列升级a时间
307	52235 43332	10	   	253.55	橙3易伤2伤害1时间2雷电	17雷电29伤害346易伤5时间8掉矿a核
308	31235 13441	6	   	253.51	橙3易伤3时间1等级	1随机矿2雷电34a易伤567时间8核9等级
309	31235 43251	5	   	253.51	橙3易伤3时间1等级	1随机矿2雷电347易伤589时间6核a等级
310	55513 13123	9	   	253.51	橙3易伤3时间1等级	1雷电246时间37a易伤5等级8核9立即金币
311	52231 33333	10	   	253.51	橙3易伤2伤害1等级2雷电1卖塔	1a雷电26伤害346易伤5卖塔6序列升级7核8金币生成9等级
312	52231 33336	9	   	253.51	橙3易伤2伤害1等级2雷电1卖塔	1a雷电26伤害346易伤5卖塔6序列升级7核8金币生成9等级
313	52231 34531	7	   	253.51	橙3易伤2伤害1时间2雷电1卖塔	18雷电26伤害346易伤5卖塔6序列升级7低血量敌人9核a时间
314	52232 41432	10	   	253.50	橙4易伤2伤害	1雷电29伤害3468易伤5最后敌人7矿等a核
315	52232 42432	10	   	253.50	橙4易伤2伤害	1雷电29伤害3468易伤5最后敌人7金币生成a核
316	53223 62611	10	 * 	253.43	橙3易伤1伤害2等级2雷电1暴击	17雷电267易伤3挖尘4掉矿57等级7序列升级8暴击9核a伤害
317	41135 13142	8	   	253.42	橙2易伤3时间1伤害1等级2雷电	17金币生成24易伤37雷电567时间7序列升级8核9等级a伤害
318	52231 61353	6	   	253.42	橙4易伤1伤害2雷电1攻速1卖塔	19雷电2伤害3489易伤5卖塔69金币生成7核9序列升级a攻速
319	13423 14213	1	   	253.41	橙3易伤2伤害1时间2雷电1卖塔	1挖尘25雷电35a易伤4卖塔5序列升级67伤害8时间9核
320	52231 33265	10	   	253.41	橙3易伤2伤害1时间2雷电1卖塔	1a雷电26伤害346易伤5卖塔6序列升级7核8时间9挖尘
321	52231 33513	7	   	253.41	橙3易伤2伤害1时间2雷电1卖塔	18雷电26伤害346易伤5卖塔6序列升级7核9赏金塔a时间
322	52423 51223	1	   	253.37	橙3易伤3时间1等级1卖塔	1雷电257时间35a易伤4卖塔5序列升级6等级8核9平台
323	52231 31362	6	   	253.35	橙4易伤2伤害1卖塔	1雷电26伤害3469易伤5卖塔6序列升级7立即金币8低血量敌人a核
324	52231 31662	6	   	253.35	橙4易伤2伤害1卖塔	1雷电26伤害3469易伤5卖塔6序列升级7立即金币8敌人爆炸a核
325	31254 11353	7	   	253.32	橙4易伤2等级2雷电1攻速1卖塔	1随机矿29雷电3789易伤4卖塔59等级6核9序列升级a攻速
326	52311 11225	4	 * 	253.31	橙2易伤3伤害2等级1暴击	1雷电26a伤害3暴击4掉矿5a易伤7核8矿等9a等级a序列升级
327	52351 11125	3	   	253.31	橙2易伤3伤害2等级1暴击	1雷电26a伤害3暴击4金币生成5a易伤7核8掉矿9a等级a序列升级
328	32515 52123	1	   	253.31	橙2易伤3时间2伤害1暴击1卖塔	1随机矿2卖塔38a时间4a易伤5暴击6策反7核9a伤害a序列升级
