0	Index      	Bounty	 *	Score 	Summary	Detail	
1	32236 21812	5	 * 	276.22	橙4易伤2伤害2时间	18时间25策反3加一4568易伤58序列升级78伤害9额外掉落a核
2	32236 21812	4	   	276.22	橙4易伤2伤害2时间	18时间25策反3加一4568易伤58序列升级78伤害9额外掉落a核
3	42238 12811	7	   	276.12	橙4易伤2伤害2时间	148a易伤2策反3加一58伤害68时间7核8序列升级9金币生成
4	43233 15122	2	   	274.25	橙3易伤2伤害2时间1攻速1全技能	15a易伤2攻速3a伤害4基地爆炸6矿等7核8a时间9全技能a序列升级
5	43233 15122	1	   	274.25	橙3易伤2伤害2时间1攻速1全技能	15a易伤2攻速3a伤害4基地爆炸6矿等7核8a时间9全技能a序列升级
6	43243 15122	2	   	274.25	橙3易伤2伤害2时间1攻速1全技能	15a易伤2攻速3a伤害4敌人爆炸6矿等7核8a时间9全技能a序列升级
7	43243 15122	1	   	274.25	橙3易伤2伤害2时间1攻速1全技能	15a易伤2攻速3a伤害4敌人爆炸6矿等7核8a时间9全技能a序列升级
8	43211 25122	2	   	274.15	橙3易伤2伤害2时间1攻速1全技能	16a易伤2攻速3a伤害4掉矿5基地爆炸7核8a时间9全技能a序列升级
9	43211 25122	1	   	274.15	橙3易伤2伤害2时间1攻速1全技能	16a易伤2攻速3a伤害4掉矿5基地爆炸7核8a时间9全技能a序列升级
10	43236 25122	2	   	274.15	橙3易伤2伤害2时间1攻速1全技能	16a易伤2攻速3a伤害4基地爆炸5掉矿7核8a时间9全技能a序列升级
11	43236 25122	1	   	274.15	橙3易伤2伤害2时间1攻速1全技能	16a易伤2攻速3a伤害4基地爆炸5掉矿7核8a时间9全技能a序列升级
12	35233 13842	8	 * 	271.56	橙4易伤3时间3等级	17a时间2挖尘37a等级479a易伤5加一6双倍物品7a序列升级8核
13	34423 12433	7	 * 	271.44	橙5易伤3时间	168时间248基地爆炸3458a易伤48序列升级7立即金币9核
14	35423 12433	7	   	271.14	橙5易伤3时间	168时间248挖尘3458a易伤48序列升级7立即金币9核
15	31423 13145	5	 * 	270.96	橙3易伤2时间2攻速1伤害1暴击	1a时间24敌人爆炸34a易伤4a序列升级5额外掉落6伤害7核8暴击9a攻速
16	31433 13145	5	   	270.86	橙3易伤2时间2攻速1伤害1暴击	1a时间2敌人爆炸34a易伤5额外掉落6伤害7核8暴击9a攻速a序列升级
17	41411 22413	6	 * 	270.55	橙5易伤1伤害1暴击1全技能	1348a易伤24敌人爆炸4序列升级5全技能6伤害7核9暴击
18	33253 41124	1	 * 	270.53	橙2易伤3时间2伤害3攻速	148时间258攻速38伤害6赏金邻近7核8序列升级9a易伤
19	33253 41124	2	   	270.53	橙2易伤3时间2伤害3攻速	148时间258攻速38伤害6赏金邻近7核8序列升级9a易伤
20	43132 51522	7	 * 	269.77	橙3易伤2伤害2攻速1等级1全技能	14a易伤2a攻速3敌人爆炸5加一6等级7a伤害8核9全技能a序列升级
21	62132 51522	7	   	269.77	橙3易伤2伤害2攻速1等级1全技能	1a攻速24a易伤3敌人爆炸5加一6等级7a伤害8核9全技能a序列升级
22	42238 12824	7	 * 	269.14	橙3易伤3伤害2时间	148易伤2策反3加一58a伤害68时间7核8序列升级9敌人爆炸
23	42238 12844	7	   	269.14	橙3易伤3伤害2时间	148易伤2策反3加一58a伤害68时间7核8序列升级9基地爆炸
24	41253 32612	9	   	268.30	橙3易伤3伤害1等级1暴击	19a易伤29敌人爆炸3等级4暴击5平台6核789伤害9序列升级
25	41412 33311	9	   	268.08	橙5易伤1等级1暴击1攻速	1349a易伤24敌人爆炸4序列升级5等级6暴击7攻速8核
26	41412 33315	10	   	268.08	橙5易伤1等级1暴击1攻速	1349a易伤24敌人爆炸4序列升级5等级6暴击7攻速8核
27	44412 33311	9	   	268.08	橙5易伤1等级1暴击1攻速	1349a易伤24基地爆炸4序列升级5等级6暴击7攻速8核
28	34433 13611	10	   	268.05	橙4易伤3时间1等级	168时间28基地爆炸3458易伤7平台8序列升级9核a等级
29	35233 84842	8	   	268.00	橙4易伤2时间2等级1全技能	1a时间2挖尘3a等级469a易伤5加一7全技能8核a序列升级
30	12432 16422	1	   	267.99	橙2易伤3伤害2时间1等级1全技能1卖塔	1平台2a时间3等级46a伤害5a易伤7卖塔8核9全技能a序列升级
31	41231 33311	9	   	267.98	橙5易伤1等级1暴击1攻速	1459a易伤2敌人爆炸3等级6暴击7攻速8核
32	41231 33315	10	   	267.98	橙5易伤1等级1暴击1攻速	1459a易伤2敌人爆炸3等级6暴击7攻速8核
33	44231 33311	9	   	267.98	橙5易伤1等级1暴击1攻速	1459a易伤2基地爆炸3等级6暴击7攻速8核
34	44231 33315	10	   	267.98	橙5易伤1等级1暴击1攻速	1459a易伤2基地爆炸3等级6暴击7攻速8核
35	45231 33311	9	   	267.88	橙5易伤1等级1暴击1攻速	1459a易伤2挖尘3等级6暴击7攻速8核
36	45231 33315	10	   	267.88	橙5易伤1等级1暴击1攻速	1459a易伤2挖尘3等级6暴击7攻速8核
37	45412 33311	9	   	267.88	橙5易伤1等级1暴击1攻速	1349a易伤24挖尘4序列升级5等级6暴击7攻速8核
38	35433 13611	10	   	267.85	橙4易伤3时间1等级	168时间28挖尘3458易伤7平台8序列升级9核a等级
39	41231 36511	8	 * 	267.63	橙4易伤3等级1伤害2暴击	1457易伤2敌人爆炸378等级67暴击7序列升级9伤害a核
40	45231 36311	8	   	267.53	橙4易伤3等级1伤害2暴击	1457易伤2挖尘378等级67暴击7序列升级9伤害a核
41	45231 36331	9	   	267.53	橙4易伤3等级1伤害2暴击	1457易伤2挖尘378等级67暴击7序列升级9伤害a核
42	42238 12813	7	   	267.13	橙3易伤2伤害2时间1暴击	148易伤2策反3加一58伤害68时间7核8序列升级9金币生成a暴击
43	42238 12821	7	   	267.13	橙3易伤2伤害2时间1暴击	148易伤2策反3加一58伤害68时间7核8序列升级9敌人爆炸a暴击
44	42238 12841	7	   	267.13	橙3易伤2伤害2时间1暴击	148易伤2策反3加一58伤害68时间7核8序列升级9基地爆炸a暴击
45	41411 22413	5	   	266.74	橙5易伤1等级1暴击1全技能	1348a易伤24敌人爆炸4序列升级5全技能6等级7核9暴击
46	32237 21847	4	 * 	266.61	橙3易伤3时间2伤害	158时间2策反3加一468易伤78伤害8序列升级9赏金邻近a核
47	43131 55313	8	   	266.45	橙5易伤1伤害1攻速	1458a易伤2攻速3敌人爆炸6雷电7核9伤害
48	62131 55313	8	   	266.45	橙5易伤1伤害1攻速	1攻速2458a易伤3敌人爆炸6雷电7核9伤害
49	31235 21451	4	   	265.80	橙3易伤2时间1伤害1等级1暴击	15时间2敌人爆炸3等级456易伤5序列升级7伤害8基地爆炸9暴击a核
50	31235 24111	4	   	265.80	橙3易伤2时间1伤害1等级1暴击	15时间2敌人爆炸3等级456易伤5序列升级7暴击8最后敌人9伤害a核
51	31235 24411	4	   	265.80	橙3易伤2时间1伤害1等级1暴击	15时间2敌人爆炸3等级456易伤5序列升级7暴击8低血量敌人9伤害a核
52	34235 24111	4	   	265.80	橙3易伤2时间1伤害1等级1暴击	15时间2基地爆炸3等级456易伤5序列升级7暴击8最后敌人9伤害a核
53	31235 16611	4	   	265.80	橙3易伤2时间1伤害1等级1暴击	15时间2敌人爆炸3等级458易伤5序列升级6低血量敌人7暴击9伤害a核
54	31235 36611	4	   	265.80	橙3易伤2时间1伤害1等级1暴击	15时间2敌人爆炸3等级458易伤5序列升级6最后敌人7暴击9伤害a核
55	35235 24111	4	   	265.70	橙3易伤2时间1伤害1等级1暴击	15时间2挖尘3等级456易伤5序列升级7暴击8最后敌人9伤害a核
56	32231 52364	8	 * 	265.52	橙3易伤2时间1伤害2暴击1全技能	19时间2策反3加一479易伤5全技能6核89暴击9序列升级a伤害
57	32231 52464	7	   	265.52	橙3易伤2时间1伤害2暴击1全技能	19时间2策反3加一479易伤5全技能6核89暴击9序列升级a伤害
58	32231 56464	6	   	265.52	橙3易伤2时间1伤害2暴击1全技能	19时间2策反3加一479易伤5全技能6核89暴击9序列升级a伤害
59	36342 31141	2	   	265.51	橙3易伤2时间2攻速1伤害	19时间2额外掉落3雷电49a易伤5伤害6核7基地爆炸89攻速9序列升级
60	36612 31141	4	   	265.51	橙3易伤2时间2攻速1伤害	19时间2额外掉落3雷电49a易伤5伤害6核7基地爆炸89攻速9序列升级
61	13112 24635	1	   	265.46	橙3易伤3伤害1时间1攻速	1平台249易伤367伤害5攻速8时间a核
62	43363 21531	4	 * 	265.26	橙4易伤2攻速1伤害1等级	158a易伤28攻速3低血量敌人4等级68敌人爆炸7核8序列升级9伤害
63	43363 21531	5	   	265.26	橙4易伤2攻速1伤害1等级	158a易伤28攻速3低血量敌人4等级68敌人爆炸7核8序列升级9伤害
64	62363 21531	4	   	265.26	橙4易伤2攻速1伤害1等级	18攻速258a易伤3低血量敌人4等级68敌人爆炸7核8序列升级9伤害
65	62363 21531	5	   	265.26	橙4易伤2攻速1伤害1等级	18攻速258a易伤3低血量敌人4等级68敌人爆炸7核8序列升级9伤害
66	42234 11522	7	   	264.81	橙3易伤2伤害1等级1时间1全技能	14a易伤2a策反3加一5等级6时间7a伤害8核9全技能a序列升级
67	46333 11261	9	 * 	264.73	橙5易伤2伤害	1489a易伤2额外掉落3平台56伤害7核
68	42238 12814	7	   	264.49	橙3易伤2伤害2时间1攻速	148易伤2策反3加一58伤害68时间7核8序列升级9金币生成a攻速
69	41411 22312	5	   	264.48	橙4易伤2时间1等级1全技能	134a易伤24a敌人爆炸4a序列升级5全技能6等级7核8挖尘9a时间
70	41432 42212	7	   	264.38	橙4易伤2时间1等级1全技能	138a易伤2a敌人爆炸4全技能5挖尘6核7等级9a时间a序列升级
71	41131 36533	9	 * 	263.49	橙5易伤2暴击1等级	14579易伤2敌人爆炸37策反67暴击7序列升级8等级a核
72	42131 36533	9	   	263.49	橙5易伤2暴击1等级	14579易伤2策反37敌人爆炸67暴击7序列升级8等级a核
73	43131 55312	8	   	263.16	橙4易伤1伤害1等级1攻速	1458易伤2攻速3敌人爆炸6雷电7核9伤害a等级
74	62131 55312	8	   	263.16	橙4易伤1伤害1等级1攻速	1攻速2458易伤3敌人爆炸6雷电7核9伤害a等级
75	33135 41331	6	   	263.15	橙3易伤2时间1伤害1等级1攻速	15时间2攻速3敌人爆炸45a易伤5序列升级6等级7核8立即金币9伤害
76	33135 43331	8	   	263.15	橙3易伤2时间1伤害1等级1攻速	15时间2攻速3敌人爆炸45a易伤5序列升级6等级7立即金币8核9伤害
77	41411 23533	10	   	263.14	橙3易伤2伤害2时间1全技能	134易伤24敌人爆炸4序列升级5全技能69伤害78时间a核
78	52251 13632	10	   	263.13	橙4易伤2时间1暴击1攻速	18敌人爆炸2掉矿389a易伤4暴击5攻速68时间7核8序列升级
79	33135 66231	10	   	263.12	橙2易伤3时间1伤害1等级1暴击1攻速	157时间2攻速3敌人爆炸45易伤5序列升级6暴击8核9伤害a等级
80	43131 55313	10	   	262.64	橙5易伤1等级1攻速	14589易伤2攻速3敌人爆炸6雷电7核a等级
81	43131 55323	8	   	262.64	橙5易伤1等级1攻速	1458a易伤2攻速3敌人爆炸6雷电7核9等级
82	62131 55313	10	   	262.64	橙5易伤1等级1攻速	1攻速24589易伤3敌人爆炸6雷电7核a等级
83	62131 55323	8	   	262.64	橙5易伤1等级1攻速	1攻速2458a易伤3敌人爆炸6雷电7核9等级
84	41412 33351	10	   	262.21	橙3易伤1伤害1等级1时间1暴击1攻速	134易伤24敌人爆炸4序列升级5等级6暴击7攻速8核9伤害a时间
85	41231 33351	10	   	262.11	橙3易伤1伤害1等级1时间1暴击1攻速	145易伤2敌人爆炸3等级6暴击7攻速8核9伤害a时间
86	44231 33351	10	   	262.11	橙3易伤1伤害1时间1等级1暴击1攻速	145易伤2基地爆炸3等级6暴击7攻速8核9伤害a时间
87	45231 33351	10	   	262.01	橙3易伤1伤害1等级1时间1暴击1攻速	145易伤2挖尘3等级6暴击7攻速8核9伤害a时间
88	41411 24112	9	   	261.92	橙4易伤1伤害1时间1全技能	1347易伤24敌人爆炸4序列升级5全技能6伤害8雷电9核a时间
89	42238 12823	7	   	261.79	橙3易伤2伤害2时间	148易伤2策反3加一58伤害68时间7核8序列升级9敌人爆炸a雷电
90	42238 12843	7	   	261.79	橙3易伤2伤害2时间	148易伤2策反3加一58伤害68时间7核8序列升级9基地爆炸a雷电
91	32231 52361	8	   	261.71	橙3易伤2时间2暴击1等级1全技能	19时间2策反3加一479易伤5全技能6核89暴击9序列升级a等级
92	32231 52461	7	   	261.71	橙3易伤2时间2暴击1等级1全技能	19时间2策反3加一479易伤5全技能6核89暴击9序列升级a等级
93	32231 56461	6	   	261.71	橙3易伤2时间2暴击1等级1全技能	19时间2策反3加一479易伤5全技能6核89暴击9序列升级a等级
94	31422 31116	6	   	261.54	橙4易伤2伤害1时间	1时间245敌人爆炸349a易伤4序列升级6核78伤害
95	42231 32552	7	   	261.54	橙4易伤2伤害1等级	1458易伤28策反3加一68伤害7立即金币8序列升级9等级a核
96	46333 11261	10	   	261.44	橙4易伤2伤害1时间	1489易伤2额外掉落3平台56伤害7核a时间
97	33135 16611	5	   	260.55	橙3易伤2时间1伤害1暴击1攻速	15时间2攻速3敌人爆炸458易伤5序列升级6低血量敌人7暴击9伤害a核
98	33135 16611	4	   	260.55	橙3易伤2时间1伤害1暴击1攻速	15时间2攻速3敌人爆炸458易伤5序列升级6低血量敌人7暴击9伤害a核
99	33135 21451	4	   	260.55	橙3易伤2时间1伤害1暴击1攻速	15时间2攻速3敌人爆炸456易伤5序列升级7伤害8基地爆炸9暴击a核
100	33135 21451	5	   	260.55	橙3易伤2时间1伤害1暴击1攻速	15时间2攻速3敌人爆炸456易伤5序列升级7伤害8基地爆炸9暴击a核
101	33135 23611	7	   	260.55	橙3易伤2时间1伤害1暴击1攻速	15时间2攻速3敌人爆炸458易伤5序列升级6最后敌人7暴击9伤害a核
102	33135 24111	4	   	260.55	橙3易伤2时间1伤害1暴击1攻速	15时间2攻速3敌人爆炸456易伤5序列升级7暴击8最后敌人9伤害a核
103	33135 24111	5	   	260.55	橙3易伤2时间1伤害1暴击1攻速	15时间2攻速3敌人爆炸456易伤5序列升级7暴击8最后敌人9伤害a核
104	33135 24411	4	   	260.55	橙3易伤2时间1伤害1暴击1攻速	15时间2攻速3敌人爆炸456易伤5序列升级7暴击8低血量敌人9伤害a核
105	33135 24411	5	   	260.55	橙3易伤2时间1伤害1暴击1攻速	15时间2攻速3敌人爆炸456易伤5序列升级7暴击8低血量敌人9伤害a核
106	33135 26611	6	   	260.55	橙3易伤2时间1伤害1暴击1攻速	15时间2攻速3敌人爆炸458易伤5序列升级6最后敌人7暴击9伤害a核
107	33135 36611	5	   	260.55	橙3易伤2时间1伤害1暴击1攻速	15时间2攻速3敌人爆炸458易伤5序列升级6最后敌人7暴击9伤害a核
108	33135 36611	4	   	260.55	橙3易伤2时间1伤害1暴击1攻速	15时间2攻速3敌人爆炸458易伤5序列升级6最后敌人7暴击9伤害a核
109	43335 23611	7	   	260.55	橙3易伤2时间1伤害1暴击1攻速	158易伤2攻速3低血量敌人45时间5序列升级6最后敌人7暴击9伤害a核
110	32236 21882	4	 * 	260.46	5易伤3伤害3时间1等级	189时间25策反3加一45689易伤589序列升级789伤害a等级
111	32236 21882	5	   	260.46	5易伤3伤害3时间1等级	189时间25策反3加一45689易伤589序列升级789伤害a等级
112	34433 13611	9	   	260.11	橙4易伤3时间	168时间28基地爆炸3458易伤7平台8序列升级9核a雷电
113	34433 13612	10	   	260.11	橙4易伤3时间	168时间28基地爆炸3458易伤7平台8序列升级9核a雷电
114	35433 13611	9	   	259.91	橙4易伤3时间	168时间28挖尘3458易伤7平台8序列升级9核a雷电
115	35433 13612	10	   	259.91	橙4易伤3时间	168时间28挖尘3458易伤7平台8序列升级9核a雷电
116	43253 15322	1	   	259.66	橙3易伤2伤害1时间1攻速1全技能	15a易伤2攻速3a伤害4时间6矿等7核8a敌人爆炸9全技能a序列升级
117	43253 15322	2	   	259.66	橙3易伤2伤害1时间1攻速1全技能	15a易伤2攻速3a伤害4时间6矿等7核8a敌人爆炸9全技能a序列升级
118	41411 21633	10	   	259.56	橙3易伤2伤害1等级1攻速1全技能	134易伤24敌人爆炸4序列升级5全技能68伤害7等级9攻速a核
119	43212 52341	1	 * 	259.21	橙2易伤2伤害2暴击1时间1等级1攻速	17易伤2攻速37伤害4掉矿5最后敌人67暴击7序列升级8时间9等级a核
120	43212 52341	2	   	259.21	橙2易伤2伤害2暴击1时间1等级1攻速	17易伤2攻速37伤害4掉矿5最后敌人67暴击7序列升级8时间9等级a核
121	33131 31553	10	   	259.04	橙4易伤2时间1攻速1全技能	18时间2攻速3敌人爆炸467a易伤5全技能9核
122	31235 24613	4	   	258.96	橙3易伤3时间1等级1暴击	158时间2敌人爆炸3等级456易伤5序列升级7暴击9最后敌人a核
123	31235 36363	4	   	258.96	橙3易伤3时间1等级1暴击	158时间2敌人爆炸3等级459易伤5序列升级6最后敌人7暴击a核
124	31426 34822	8	   	258.78	橙3易伤3时间2等级1全技能	19a时间24敌人爆炸34a易伤4a序列升级5a等级6加一7全技能8核
125	32231 54835	9	   	258.78	橙3易伤3时间3等级1全技能	19a时间2策反3加一49a易伤5全技能6核7额外掉落89a等级9a序列升级
126	31233 84822	8	   	258.68	橙3易伤3时间2等级1全技能	19a时间2敌人爆炸3a等级46a易伤5加一7全技能8核a序列升级
127	31436 34822	8	   	258.68	橙3易伤3时间2等级1全技能	19a时间2敌人爆炸34a易伤5a等级6加一7全技能8核a序列升级
128	34233 84822	8	   	258.68	橙3易伤3时间2等级1全技能	19a时间2基地爆炸3a等级46a易伤5加一7全技能8核a序列升级
129	32236 74633	4	   	258.64	橙4易伤2时间2等级	18时间256策反3加一4568易伤568序列升级78等级9平台a核
130	32236 74633	5	   	258.64	橙4易伤2时间2等级	18时间256策反3加一4568易伤568序列升级78等级9平台a核
131	35233 84822	8	   	258.58	橙3易伤3时间2等级1全技能	19a时间2挖尘3a等级46a易伤5加一7全技能8核a序列升级
132	35231 34842	8	   	258.58	橙3易伤3时间2等级1全技能	15a时间2挖尘3a等级49a易伤6加一7全技能8核a序列升级
133	35233 74842	8	   	258.58	橙3易伤3时间2等级1全技能	16a时间2挖尘3a等级49a易伤5加一7全技能8核a序列升级
134	35233 12842	8	   	258.24	橙4易伤2时间2等级	1a时间2挖尘3a等级479a易伤5加一6双倍物品8核a序列升级
135	62233 15122	2	   	257.55	橙2易伤2伤害2时间2攻速1全技能	1a攻速25易伤3a伤害4基地爆炸6矿等7核8a时间9全技能a序列升级
136	62243 15122	2	   	257.55	橙2易伤2伤害2时间2攻速1全技能	1a攻速25易伤3a伤害4敌人爆炸6矿等7核8a时间9全技能a序列升级
137	62211 25122	2	   	257.45	橙2易伤2伤害2时间2攻速1全技能	1a攻速26易伤3a伤害4掉矿5基地爆炸7核8a时间9全技能a序列升级
138	62236 25122	2	   	257.45	橙2易伤2伤害2时间2攻速1全技能	1a攻速26易伤3a伤害4基地爆炸5掉矿7核8a时间9全技能a序列升级
139	44412 31112	8	   	257.43	橙4易伤2等级2暴击1全技能	1348易伤249基地爆炸48序列升级58等级68暴击7全技能a核
140	42238 12832	10	   	257.40	橙4易伤1伤害1时间1暴击	149a易伤2策反3加一5伤害6时间7核8暴击
141	41411 22411	6	   	257.33	橙4易伤1伤害2暴击1全技能	1348易伤24敌人爆炸4序列升级5全技能6伤害7核9a暴击
142	41412 31122	9	   	257.33	橙4易伤2等级2暴击1全技能	1348易伤24敌人爆炸48序列升级58等级68暴击7全技能9加一a核
143	44412 31122	9	   	257.33	橙4易伤2等级2暴击1全技能	1348易伤24基地爆炸48序列升级58等级68暴击7全技能9加一a核
144	41231 31122	9	   	257.23	橙4易伤2等级2暴击1全技能	1458易伤2敌人爆炸38等级68暴击7全技能8序列升级9加一a核
145	41231 36422	9	   	257.23	橙4易伤2等级2暴击1全技能	1457易伤2敌人爆炸37等级67暴击7序列升级8全技能9加一a核
146	44231 31122	9	   	257.23	橙4易伤2等级2暴击1全技能	1458易伤2基地爆炸38等级68暴击7全技能8序列升级9加一a核
147	45231 31122	9	   	257.13	橙4易伤2等级2暴击1全技能	1458易伤2挖尘38等级68暴击7全技能8序列升级9加一a核
148	45412 31122	9	   	257.13	橙4易伤2等级2暴击1全技能	1348易伤24挖尘48序列升级58等级68暴击7全技能9加一a核
149	41411 22262	6	   	256.90	橙5易伤1伤害1全技能	1349a易伤24敌人爆炸4序列升级5全技能6伤害7核8额外掉落
150	41412 33312	9	   	256.85	橙4易伤1等级1暴击1攻速	1349易伤24敌人爆炸4序列升级5等级6暴击7攻速8核a雷电
151	44412 33312	9	   	256.85	橙4易伤1等级1暴击1攻速	1349易伤24基地爆炸4序列升级5等级6暴击7攻速8核a雷电
152	41231 33312	9	   	256.75	橙4易伤1等级1暴击1攻速	1459易伤2敌人爆炸3等级6暴击7攻速8核a雷电
153	44231 33312	9	   	256.75	橙4易伤1等级1暴击1攻速	1459易伤2基地爆炸3等级6暴击7攻速8核a雷电
154	45231 33312	9	   	256.65	橙4易伤1等级1暴击1攻速	1459易伤2挖尘3等级6暴击7攻速8核a雷电
155	45412 33312	9	   	256.65	橙4易伤1等级1暴击1攻速	1349易伤24挖尘4序列升级5等级6暴击7攻速8核a雷电
156	43253 21343	2	   	256.46	橙3易伤2时间1伤害1攻速1全技能	159易伤2攻速3伤害48时间6敌人爆炸7核a全技能
157	43253 21343	1	   	256.46	橙3易伤2时间1伤害1攻速1全技能	159易伤2攻速3伤害48时间6敌人爆炸7核a全技能
158	62253 21343	2	   	256.46	橙3易伤2时间1伤害1攻速1全技能	1攻速259易伤3伤害48时间6敌人爆炸7核a全技能
159	42231 32572	7	   	256.29	橙4易伤2伤害1攻速	1458易伤28策反3加一68伤害7立即金币8序列升级9攻速a核
160	42231 37743	8	   	256.29	橙4易伤2伤害1攻速	1458易伤28策反3加一68伤害7平台8序列升级9攻速a核
161	42231 38323	6	   	256.29	橙4易伤2伤害1攻速	1457易伤27策反3加一67伤害7序列升级8攻速9平台a核
162	43363 21533	5	   	256.27	橙3易伤2攻速1伤害1等级1暴击	158易伤28攻速3低血量敌人4等级68敌人爆炸7核8序列升级9伤害a暴击
163	43363 21533	4	   	256.27	橙3易伤2攻速1伤害1等级1暴击	158易伤28攻速3低血量敌人4等级68敌人爆炸7核8序列升级9伤害a暴击
164	62363 21533	4	   	256.27	橙3易伤2攻速1伤害1等级1暴击	18攻速258易伤3低血量敌人4等级68敌人爆炸7核8序列升级9伤害a暴击
165	62363 21533	5	   	256.27	橙3易伤2攻速1伤害1等级1暴击	18攻速258易伤3低血量敌人4等级68敌人爆炸7核8序列升级9伤害a暴击
166	41221 13353	9	 * 	255.96	橙3易伤2时间2等级2暴击	17a易伤27敌人爆炸3a等级4低血量敌人57时间6双倍物品7a序列升级8a暴击9核
167	44221 13353	9	   	255.96	橙3易伤2时间2等级2暴击	17a易伤27基地爆炸3a等级4低血量敌人57时间6双倍物品7a序列升级8a暴击9核
168	32251 41124	2	 * 	255.45	橙2易伤3伤害3时间	148时间28策反358伤害6赏金邻近7核8序列升级9a易伤
169	41131 55313	8	   	255.45	橙5易伤1伤害	1458a易伤2敌人爆炸3策反6雷电7核9伤害
170	42131 55313	8	   	255.45	橙5易伤1伤害	1458a易伤2策反3敌人爆炸6雷电7核9伤害
171	42231 62613	8	   	255.35	橙5易伤1伤害	1457a易伤2策反3加一6雷电8核9伤害
172	42331 55313	8	   	255.35	橙5易伤1伤害	1458a易伤2策反3挖尘6雷电7核9伤害
173	32236 21881	5	   	255.21	5易伤3伤害3时间1攻速	189时间25策反3加一45689易伤589序列升级789伤害a攻速
174	32236 21881	4	   	255.21	5易伤3伤害3时间1攻速	189时间25策反3加一45689易伤589序列升级789伤害a攻速
175	33135 21143	4	   	255.20	橙3易伤2时间1伤害1攻速	15时间2攻速3敌人爆炸456易伤5序列升级7伤害8额外掉落9雷电a核
176	33135 21143	5	   	255.20	橙3易伤2时间1伤害1攻速	15时间2攻速3敌人爆炸456易伤5序列升级7伤害8额外掉落9雷电a核
177	33135 66231	9	   	255.17	橙2易伤3时间1伤害1暴击1攻速	157时间2攻速3敌人爆炸45易伤5序列升级6暴击8核9伤害a雷电
178	33135 66232	10	   	255.17	橙2易伤3时间1伤害1暴击1攻速	157时间2攻速3敌人爆炸45易伤5序列升级6暴击8核9伤害a雷电
179	41311 24252	10	   	255.15	橙4易伤2伤害1全技能	147a易伤24敌人爆炸3立即金币4a序列升级5全技能6a伤害8a低血量敌人9核
180	31422 36253	8	   	255.07	橙3易伤3时间1等级1全技能	179时间245敌人爆炸349易伤49序列升级6核8全技能a等级
181	31412 34136	6	 * 	255.06	橙3易伤3时间3暴击	15a时间2敌人爆炸39a易伤48a暴击6核7赏金塔a序列升级
182	41411 22162	6	   	254.95	橙4易伤2伤害1全技能	134a易伤24a敌人爆炸4a序列升级5全技能6a伤害7核8双倍物品9赏金塔
183	43363 21631	4	   	254.86	橙4易伤1伤害1等级1攻速	158a易伤2攻速3低血量敌人4等级6敌人爆炸7核9伤害
184	43363 21631	5	   	254.86	橙4易伤1伤害1等级1攻速	158a易伤2攻速3低血量敌人4等级6敌人爆炸7核9伤害
185	62363 21631	4	   	254.86	橙4易伤1伤害1等级1攻速	1攻速258a易伤3低血量敌人4等级6敌人爆炸7核9伤害
186	62363 21631	5	   	254.86	橙4易伤1伤害1等级1攻速	1攻速258a易伤3低血量敌人4等级6敌人爆炸7核9伤害
187	31235 52631	4	   	254.72	橙4易伤2时间1等级	15时间2敌人爆炸3等级4578易伤5序列升级6平台9矿等a核
188	16323 11322	8	   	254.17	橙3易伤1伤害1时间1暴击1攻速	1平台2雷电3伤害4攻速578易伤6暴击9核a时间
189	16323 11636	10	   	254.17	橙3易伤1伤害1时间1暴击1攻速	1平台2雷电3伤害4攻速57a易伤6暴击8核9时间
190	41231 33354	9	   	254.17	橙3易伤1伤害1等级1暴击1攻速	145易伤2敌人爆炸3等级6暴击7攻速8核9伤害a雷电
191	41231 33354	10	   	254.17	橙3易伤1伤害1等级1暴击1攻速	145易伤2敌人爆炸3等级6暴击7攻速8核9伤害a雷电
192	31235 23211	4	   	254.04	橙3易伤2时间1等级1暴击	15时间2敌人爆炸3等级456易伤5序列升级7雷电8低血量敌人9暴击a核
193	31235 24521	4	   	254.04	橙3易伤2时间1等级1暴击	15时间2敌人爆炸3等级456易伤5序列升级7暴击8雷电9基地爆炸a核
194	34235 23211	4	   	254.04	橙3易伤2时间1等级1暴击	15时间2基地爆炸3等级456易伤5序列升级7雷电8低血量敌人9暴击a核
195	35235 23211	4	   	253.94	橙3易伤2时间1等级1暴击	15时间2挖尘3等级456易伤5序列升级7雷电8低血量敌人9暴击a核
196	33135 62623	4	   	253.81	橙3易伤3时间1暴击1攻速	156时间2攻速3敌人爆炸456易伤56序列升级7基地爆炸8暴击9双倍矿a核
197	33135 62623	5	   	253.81	橙3易伤3时间1暴击1攻速	156时间2攻速3敌人爆炸456易伤56序列升级7基地爆炸8暴击9双倍矿a核
198	33135 66233	4	   	253.81	橙3易伤3时间1暴击1攻速	156时间2攻速39敌人爆炸456易伤56序列升级7暴击8最后敌人a核
199	33135 66233	5	   	253.81	橙3易伤3时间1暴击1攻速	156时间2攻速39敌人爆炸456易伤56序列升级7暴击8最后敌人a核
200	33135 24613	5	   	253.71	橙3易伤3时间1暴击1攻速	158时间2攻速3敌人爆炸456易伤5序列升级7暴击9最后敌人a核
201	33135 24613	4	   	253.71	橙3易伤3时间1暴击1攻速	158时间2攻速3敌人爆炸456易伤5序列升级7暴击9最后敌人a核
202	33135 66123	4	   	253.71	橙3易伤3时间1暴击1攻速	156时间2攻速3敌人爆炸456易伤56序列升级7暴击8挖尘9双倍矿a核
203	33135 66123	5	   	253.71	橙3易伤3时间1暴击1攻速	156时间2攻速3敌人爆炸456易伤56序列升级7暴击8挖尘9双倍矿a核
204	33331 66263	5	   	253.71	橙3易伤3时间1暴击1攻速	146时间2攻速3低血量敌人569易伤6序列升级7暴击8最后敌人a核
205	33135 23163	8	   	253.71	橙3易伤3时间1暴击1攻速	158时间2攻速3敌人爆炸459易伤5序列升级6最后敌人7暴击a核
206	33135 23363	7	   	253.71	橙3易伤3时间1暴击1攻速	158时间2攻速3敌人爆炸459易伤5序列升级6最后敌人7暴击a核
207	33135 26363	6	   	253.71	橙3易伤3时间1暴击1攻速	158时间2攻速3敌人爆炸459易伤5序列升级6最后敌人7暴击a核
208	33135 36363	4	   	253.71	橙3易伤3时间1暴击1攻速	158时间2攻速3敌人爆炸459易伤5序列升级6最后敌人7暴击a核
209	33135 36363	5	   	253.71	橙3易伤3时间1暴击1攻速	158时间2攻速3敌人爆炸459易伤5序列升级6最后敌人7暴击a核
210	43335 23163	8	   	253.71	橙3易伤3时间1暴击1攻速	159易伤2攻速3低血量敌人458时间5序列升级6最后敌人7暴击a核
211	43335 23363	7	   	253.71	橙3易伤3时间1暴击1攻速	159易伤2攻速3低血量敌人458时间5序列升级6最后敌人7暴击a核
212	33621 34234	9	 * 	253.71	紫3易伤3时间3攻速1等级1全技能	19a时间29a攻速3核4低血量敌人5全技能6等级7额外掉落89a易伤9a序列升级
213	33135 66212	8	   	253.61	橙3易伤3时间1暴击1攻速	157时间2攻速3敌人爆炸45a易伤5序列升级6暴击8核9加一
214	33135 66222	9	   	253.61	橙3易伤3时间1暴击1攻速	157时间2攻速3敌人爆炸45a易伤5序列升级6暴击8核9加一
215	32235 71812	4	   	253.58	橙3易伤2伤害2时间	18时间26策反3加一468易伤5立即金币68序列升级78伤害9额外掉落a核
216	32236 41812	6	   	253.58	橙3易伤2伤害2时间	18时间25策反3加一458易伤58序列升级6双倍矿78伤害9额外掉落a核
217	32236 48812	7	   	253.58	橙3易伤2伤害2时间	18时间25策反3加一458易伤58序列升级6双倍矿78伤害9额外掉落a核
218	31422 31543	7	   	253.53	橙4易伤2时间2雷电	18时间245敌人爆炸348a易伤48序列升级6核78雷电9策反
219	13112 25142	1	 * 	253.52	橙3易伤2伤害2暴击1攻速	1平台248易伤36伤害5攻速79暴击a核
220	41411 22113	5	   	253.51	橙4易伤1伤害1等级1全技能	134a易伤24敌人爆炸4序列升级5全技能6等级7核8双倍物品9伤害
221	41411 22411	5	   	253.51	橙4易伤2暴击1等级1全技能	1348易伤24敌人爆炸4序列升级5全技能6等级7核9a暴击
222	41411 22422	6	   	253.51	橙4易伤1伤害1等级1全技能	1348易伤24敌人爆炸4序列升级5全技能6伤害7核9赏金邻近a等级
223	32235 21812	4	   	253.48	橙3易伤2伤害2时间	18时间2策反3加一468易伤5立即金币78伤害8序列升级9额外掉落a核
224	42238 12812	7	   	253.48	橙3易伤2伤害2时间	148易伤2策反3加一58伤害68时间7核8序列升级9金币生成a基地爆炸
225	31422 31163	7	   	253.43	橙4易伤2时间2雷电	19时间245敌人爆炸349a易伤49序列升级6核79雷电8赏金邻近
226	43242 31533	1	   	253.42	橙3易伤2伤害2攻速1全技能	168易伤28攻速39伤害4敌人爆炸58挖尘7核8序列升级a全技能
227	43242 31533	2	   	253.42	橙3易伤2伤害2攻速1全技能	168易伤28攻速39伤害4敌人爆炸58挖尘7核8序列升级a全技能
228	62242 31533	2	   	253.42	橙3易伤2伤害2攻速1全技能	18攻速268易伤39伤害4敌人爆炸58挖尘7核8序列升级a全技能
229	42238 12822	7	   	253.38	橙3易伤2伤害2时间	148易伤2策反3加一58伤害68时间7核8序列升级9敌人爆炸a挖尘
230	42238 12842	7	   	253.38	橙3易伤2伤害2时间	148易伤2策反3加一58伤害68时间7核8序列升级9基地爆炸a挖尘
231	41131 36522	7	 * 	253.38	橙5易伤3暴击	14579易伤2敌人爆炸379策反679暴击79序列升级8赏金塔a核
232	31426 34842	8	   	253.33	橙3易伤2时间2等级2全技能	1a时间24敌人爆炸34a易伤4a序列升级5a等级6加一79全技能8核
233	42238 12354	7	   	253.28	橙3易伤2伤害2时间	149易伤2策反3加一5a伤害68时间7核
234	42238 12354	8	   	253.28	橙3易伤2伤害2时间	149易伤2策反3加一5a伤害68时间7核
235	31233 84842	8	   	253.23	橙3易伤2时间2等级2全技能	1a时间2敌人爆炸3a等级46a易伤5加一79全技能8核a序列升级
236	32231 52363	8	   	253.23	橙3易伤2时间2暴击2全技能	19时间2策反3加一479易伤5a全技能6核89暴击9序列升级
237	32231 52463	7	   	253.23	橙3易伤2时间2暴击2全技能	19时间2策反3加一479易伤5a全技能6核89暴击9序列升级
238	32231 56463	6	   	253.23	橙3易伤2时间2暴击2全技能	19时间2策反3加一479易伤5a全技能6核89暴击9序列升级
239	34233 84842	8	   	253.23	橙3易伤2时间2等级2全技能	1a时间2基地爆炸3a等级46a易伤5加一79全技能8核a序列升级
240	31436 34842	8	   	253.23	橙3易伤2时间2等级2全技能	1a时间2敌人爆炸34a易伤5a等级6加一79全技能8核a序列升级
241	33135 41622	6	 * 	253.19	橙2易伤3时间2攻速2等级1全技能	15a时间2a攻速3敌人爆炸45易伤5a序列升级6a等级7核8随机矿9全技能
242	12123 24335	1	   	253.13	橙2易伤3伤害2时间1攻速	1平台25时间367伤害4攻速89易伤a核
243	12132 23335	1	   	253.13	橙2易伤3伤害2时间1攻速	1平台27时间346伤害5攻速89易伤a核
244	33223 24335	1	   	253.13	橙2易伤3伤害2时间1攻速	15时间2攻速367伤害4平台89易伤a核
245	33223 24335	2	   	253.13	橙2易伤3伤害2时间1攻速	15时间2攻速367伤害4平台89易伤a核
246	33331 66221	8	 * 	253.09	橙2易伤3时间2攻速2暴击1全技能	147时间27攻速3低血量敌人5a易伤67暴击7序列升级8核9全技能
247	43131 55311	9	   	252.94	橙5易伤2雷电1攻速	14589易伤2攻速3敌人爆炸6a雷电7核
248	62131 55311	9	   	252.94	橙5易伤2雷电1攻速	1攻速24589易伤3敌人爆炸6a雷电7核
249	43316 22341	5	   	252.89	橙2易伤2伤害1时间1等级1暴击1攻速	17易伤2攻速37低血量敌人4掉矿5暴击67伤害7序列升级8时间9等级a核
250	33635 63311	9	 * 	252.83	紫4易伤2攻速1伤害2暴击1时间	1时间25攻速3核459a易伤5序列升级67暴击8伤害
251	26641 21333	9	   	252.83	橙3易伤1伤害1时间1暴击1全技能	1基地爆炸2雷电3伤害4时间567易伤8暴击9核a全技能
252	43131 55332	8	   	252.76	橙4易伤1时间1攻速1全技能	1458易伤2攻速3敌人爆炸6雷电7核9全技能a时间
253	62131 55332	8	   	252.76	橙4易伤1时间1攻速1全技能	1攻速2458易伤3敌人爆炸6雷电7核9全技能a时间
254	33135 41343	6	   	252.75	橙3易伤2时间1等级1攻速1全技能	15时间2攻速3敌人爆炸459易伤5序列升级6等级7核8立即金币a全技能
255	33135 43343	8	   	252.75	橙3易伤2时间1等级1攻速1全技能	15时间2攻速3敌人爆炸459易伤5序列升级6等级7立即金币8核a全技能
256	32236 51522	7	   	252.59	橙2易伤2伤害2时间1等级1全技能	1a时间25a策反3加一45易伤5a序列升级6等级7a伤害8核9全技能
257	31422 31113	6	   	252.55	橙3易伤2伤害1时间1暴击	1时间245敌人爆炸349易伤4序列升级6核78伤害a暴击
258	32234 61522	7	   	252.49	橙2易伤2伤害2时间1等级1全技能	1a时间2a策反3加一46易伤5等级7a伤害8核9全技能a序列升级
259	41253 32621	9	   	252.45	橙3易伤2伤害1等级1暴击	19a易伤2敌人爆炸3等级4暴击5平台6核78伤害
260	16323 51632	5	   	252.43	橙2易伤2伤害2时间2雷电1攻速	1平台27雷电37伤害4攻速5a易伤67时间7序列升级8赏金塔9核
261	13132 32643	1	 * 	252.37	橙3易伤2伤害2等级1全技能	1平台28a易伤3a伤害4最后敌人5策反6全技能7a等级9核a序列升级
262	43631 36321	8	 * 	252.31	紫5易伤2攻速2暴击1等级	1457a易伤27攻速3核67暴击7序列升级8等级9挖青
263	62631 36321	8	   	252.31	紫5易伤2攻速2暴击1等级	17攻速2457a易伤3核67暴击7序列升级8等级9挖青
264	43233 21536	2	   	252.27	橙3易伤2伤害2攻速	158易伤28攻速39伤害4基地爆炸68敌人爆炸7核8序列升级a雷电
265	43233 21536	1	   	252.27	橙3易伤2伤害2攻速	158易伤28攻速39伤害4基地爆炸68敌人爆炸7核8序列升级a雷电
266	53233 31536	1	   	252.27	橙3易伤2伤害2攻速	18敌人爆炸28攻速39伤害4基地爆炸568易伤7核8序列升级a雷电
267	62233 21536	2	   	252.27	橙3易伤2伤害2攻速	18攻速258易伤39伤害4基地爆炸68敌人爆炸7核8序列升级a雷电
268	31251 44332	10	   	252.26	橙3易伤2攻速1等级1时间1暴击	1时间2敌人爆炸3等级4暴击57攻速6核89a易伤
269	43321 33611	7	   	252.26	橙4易伤1伤害1暴击1攻速	158a易伤2攻速34低血量敌人6暴击7伤害9核
270	62321 33611	7	   	252.26	橙4易伤1伤害1暴击1攻速	1攻速258a易伤34低血量敌人6暴击7伤害9核
271	36342 31142	2	   	252.26	橙2易伤2时间2攻速1伤害1暴击	19时间2额外掉落3雷电49易伤5伤害6核7基地爆炸89攻速9序列升级a暴击
272	36612 31142	4	   	252.26	橙2易伤2时间2攻速1伤害1暴击	19时间2额外掉落3雷电49易伤5伤害6核7基地爆炸89攻速9序列升级a暴击
273	31416 35332	10	   	252.22	橙4易伤2时间1暴击	18时间28敌人爆炸359a易伤4暴击6核78基地爆炸8序列升级
274	41131 55312	8	   	252.16	橙4易伤1伤害1等级	1458易伤2敌人爆炸3策反6雷电7核9伤害a等级
275	42131 55312	8	   	252.16	橙4易伤1伤害1等级	1458易伤2策反3敌人爆炸6雷电7核9伤害a等级
276	44261 33311	9	   	252.16	橙4易伤2等级1暴击1攻速	159a易伤2基地爆炸34等级6暴击7攻速8核
277	31135 41331	6	   	252.15	橙3易伤2时间1伤害1等级	15时间2敌人爆炸3策反45a易伤5序列升级6等级7核8立即金币9伤害
278	31235 21121	4	   	252.15	橙3易伤2时间1伤害1等级	15时间2敌人爆炸3等级456易伤5序列升级7伤害8额外掉落9金币生成a核
279	32135 41331	6	   	252.15	橙3易伤2时间1伤害1等级	15时间2策反3敌人爆炸45a易伤5序列升级6等级7核8立即金币9伤害
280	32236 47348	5	   	252.15	橙3易伤2时间2暴击1等级	1a时间25策反3加一45a易伤5a序列升级6等级7金币生成8核9a暴击
281	32236 47348	4	   	252.15	橙3易伤2时间2暴击1等级	1a时间25策反3加一45a易伤5a序列升级6等级7金币生成8核9a暴击
282	34235 21121	4	   	252.15	橙3易伤2时间1伤害1等级	15时间2基地爆炸3等级456易伤5序列升级7伤害8额外掉落9金币生成a核
283	31422 32156	6	   	252.15	橙3易伤2时间1伤害1等级	1a时间245敌人爆炸34a易伤4a序列升级6核7等级8伤害9a挖尘
284	31423 13342	5	   	252.15	橙3易伤2时间1伤害1等级	1a时间24敌人爆炸348易伤4序列升级5额外掉落6伤害7核9等级
285	31426 23341	9	   	252.15	橙3易伤2时间2暴击1等级1核弹	19时间24敌人爆炸349易伤49序列升级5等级6最后敌人79暴击8核弹a核
286	42231 62612	8	   	252.06	橙4易伤1伤害1等级	1457易伤2策反3加一6雷电8核9伤害a等级
287	42331 55312	8	   	252.06	橙4易伤1伤害1等级	1458易伤2策反3挖尘6雷电7核9伤害a等级
288	45261 33311	9	   	252.06	橙4易伤2等级1暴击1攻速	159a易伤2挖尘34等级6暴击7攻速8核
289	31433 13342	5	   	252.05	橙3易伤2时间1伤害1等级	1a时间2敌人爆炸348易伤5额外掉落6伤害7核9等级
290	32234 66348	7	   	252.05	橙3易伤2时间2暴击1等级	1a时间2策反3加一46a易伤5等级7金币生成8核9a暴击a序列升级
291	32234 67348	6	   	252.05	橙3易伤2时间2暴击1等级	1a时间2策反3加一46a易伤5等级7金币生成8核9a暴击a序列升级
292	32236 51141	7	   	252.05	橙3易伤2时间1伤害1等级	18时间25策反3加一45a易伤5序列升级6等级7伤害9核
293	35235 21121	4	   	252.05	橙3易伤2时间1伤害1等级	15时间2挖尘3等级456易伤5序列升级7伤害8额外掉落9金币生成a核
294	31436 23341	9	   	252.05	橙3易伤2时间2暴击1等级1核弹	19时间2敌人爆炸349易伤5等级6最后敌人79暴击8核弹9序列升级a核
295	13232 13343	9	   	252.00	橙4易伤3时间	1平台289基地爆炸3双倍矿489a易伤589时间6立即金币7核89序列升级
296	13232 13346	10	   	252.00	橙4易伤3时间	1平台289基地爆炸3双倍矿489a易伤589时间6立即金币7核89序列升级
297	15232 13343	9	   	252.00	橙4易伤3时间	1平台289敌人爆炸3双倍矿489a易伤589时间6立即金币7核89序列升级
298	15232 13346	10	   	252.00	橙4易伤3时间	1平台289敌人爆炸3双倍矿489a易伤589时间6立即金币7核89序列升级
299	32234 61141	7	   	251.95	橙3易伤2时间1伤害1等级	18时间2策反3加一46a易伤5等级7伤害9核
300	32234 61571	7	   	251.95	橙3易伤2时间1伤害1等级	19时间2策反3加一46a易伤5等级7伤害8核
301	42284 61141	7	   	251.95	橙3易伤2时间1伤害1等级	16a易伤2策反3加一48时间5等级7伤害9核
302	42234 11141	7	   	251.95	橙3易伤2时间1伤害1等级	14a易伤2策反3加一5等级68时间7伤害9核
303	42234 11571	7	   	251.95	橙3易伤2时间1伤害1等级	14a易伤2策反3加一5等级69时间7伤害8核
304	42238 12341	9	   	251.95	橙3易伤2时间1伤害1等级	14a易伤2策反3加一5伤害68时间7核9等级
305	42238 12346	10	   	251.95	橙3易伤2时间1伤害1等级	14a易伤2策反3加一5伤害68时间7核9等级
306	34423 12431	7	   	251.90	橙4易伤3时间	168时间248基地爆炸3458易伤48序列升级7立即金币9核a双倍矿
307	34423 12432	7	   	251.90	橙4易伤3时间	168时间248基地爆炸3458易伤48序列升级7立即金币9核a敌人爆炸
308	34423 13612	10	   	251.90	橙4易伤3时间	168时间248基地爆炸3458易伤48序列升级7平台9低血量敌人a核
309	41316 12433	7	   	251.90	橙4易伤3时间	148a易伤248敌人爆炸37立即金币48序列升级568时间9核
310	34433 13613	10	   	251.80	橙4易伤3时间	168时间28基地爆炸3458易伤7平台8序列升级9核a立即金币
311	34433 13613	9	   	251.80	橙4易伤3时间	168时间28基地爆炸3458易伤7平台8序列升级9核a立即金币
312	31432 12433	7	   	251.80	橙4易伤3时间	168时间258敌人爆炸348a易伤7立即金币8序列升级9核
313	31432 16433	6	   	251.80	橙4易伤3时间	168时间258敌人爆炸348a易伤7双倍矿8序列升级9核
314	41231 33345	8	   	251.71	橙3易伤1等级1时间1暴击1攻速1全技能	145易伤2敌人爆炸3等级6暴击7攻速8核9全技能a时间
315	31422 36123	8	   	251.70	橙4易伤3时间	178时间245敌人爆炸349a易伤4序列升级6核
316	31422 36153	9	   	251.70	橙4易伤3时间	178时间245敌人爆炸349a易伤4序列升级6核
317	12334 16422	1	   	251.65	橙2易伤3伤害2时间1全技能1卖塔	1平台2a时间3掉矿46a伤害5a易伤7卖塔8核9全技能a序列升级
318	41131 55313	10	   	251.63	橙5易伤1等级	14589易伤2敌人爆炸3策反6雷电7核a等级
319	41131 55323	8	   	251.63	橙5易伤1等级	1458a易伤2敌人爆炸3策反6雷电7核9等级
320	42131 55313	10	   	251.63	橙5易伤1等级	14589易伤2策反3敌人爆炸6雷电7核a等级
321	42131 55323	8	   	251.63	橙5易伤1等级	1458a易伤2策反3敌人爆炸6雷电7核9等级
322	35423 12431	7	   	251.60	橙4易伤3时间	168时间248挖尘3458易伤48序列升级7立即金币9核a双倍矿
323	35423 12432	7	   	251.60	橙4易伤3时间	168时间248挖尘3458易伤48序列升级7立即金币9核a敌人爆炸
324	35423 13612	10	   	251.60	橙4易伤3时间	168时间248挖尘3458易伤48序列升级7平台9低血量敌人a核
325	35433 13613	9	   	251.60	橙4易伤3时间	168时间28挖尘3458易伤7平台8序列升级9核a立即金币
326	35433 13613	10	   	251.60	橙4易伤3时间	168时间28挖尘3458易伤7平台8序列升级9核a立即金币
327	42231 62613	10	   	251.53	橙5易伤1等级	14579易伤2策反3加一6雷电8核a等级
328	42231 62623	8	   	251.53	橙5易伤1等级	1457a易伤2策反3加一6雷电8核9等级
329	42331 55313	10	   	251.53	橙5易伤1等级	14589易伤2策反3挖尘6雷电7核a等级
330	42331 55323	8	   	251.53	橙5易伤1等级	1458a易伤2策反3挖尘6雷电7核9等级
331	32231 52368	8	   	251.50	橙3易伤2时间3暴击1全技能	19时间2策反3加一479易伤5全技能6核89a暴击9序列升级
332	32231 52468	7	   	251.50	橙3易伤2时间3暴击1全技能	19时间2策反3加一479易伤5全技能6核89a暴击9序列升级
333	33135 41532	6	   	251.39	橙3易伤2时间1等级1攻速	15时间2攻速3敌人爆炸459易伤5序列升级6等级7核8平台a雷电
334	33233 31561	2	   	251.33	橙2易伤2伤害2时间1暴击1攻速	18时间2攻速38伤害4基地爆炸59易伤68低血量敌人7核8序列升级a暴击
335	33233 31561	1	   	251.33	橙2易伤2伤害2时间1暴击1攻速	18时间2攻速38伤害4基地爆炸59易伤68低血量敌人7核8序列升级a暴击
336	33243 31561	1	   	251.33	橙2易伤2伤害2时间1暴击1攻速	18时间2攻速38伤害4敌人爆炸59易伤68低血量敌人7核8序列升级a暴击
337	33243 31561	2	   	251.33	橙2易伤2伤害2时间1暴击1攻速	18时间2攻速38伤害4敌人爆炸59易伤68低血量敌人7核8序列升级a暴击
338	41225 34311	4	   	251.31	橙3易伤1伤害1等级1时间1暴击	156易伤2敌人爆炸3等级456低血量敌人56序列升级7暴击8时间9伤害a核
339	43252 31513	1	   	251.23	橙2易伤2伤害2时间1暴击1攻速	18易伤2攻速38伤害4a时间5挖尘68低血量敌人7核8序列升级9暴击
340	43252 31513	2	   	251.23	橙2易伤2伤害2时间1暴击1攻速	18易伤2攻速38伤害4a时间5挖尘68低血量敌人7核8序列升级9暴击
341	31426 24111	5	   	251.21	橙3易伤1伤害1等级1时间1暴击	1时间24敌人爆炸346易伤4序列升级5等级7暴击8最后敌人9伤害a核
342	41412 31311	6	   	251.21	橙3易伤1伤害1等级1时间1暴击	134易伤24敌人爆炸4序列升级5等级6暴击7最后敌人8时间9伤害a核
343	41412 32311	7	   	251.21	橙3易伤1伤害1等级1时间1暴击	134易伤24敌人爆炸4序列升级5等级6暴击7最后敌人8时间9伤害a核
344	41412 33311	6	   	251.21	橙3易伤1伤害1等级1时间1暴击	134易伤24敌人爆炸4序列升级5等级6暴击7低血量敌人8时间9伤害a核
345	44412 31311	6	   	251.21	橙3易伤1伤害1等级1时间1暴击	134易伤24基地爆炸4序列升级5等级6暴击7最后敌人8时间9伤害a核
346	44412 32311	7	   	251.21	橙3易伤1伤害1等级1时间1暴击	134易伤24基地爆炸4序列升级5等级6暴击7最后敌人8时间9伤害a核
347	44412 33311	6	   	251.21	橙3易伤1伤害1等级1时间1暴击	134易伤24基地爆炸4序列升级5等级6暴击7低血量敌人8时间9伤害a核
348	31426 23611	7	   	251.21	橙3易伤1伤害1等级1时间1暴击	1时间24敌人爆炸348易伤4序列升级5等级6最后敌人7暴击9伤害a核
349	41235 24311	3	   	251.21	橙3易伤1伤害1等级1时间1暴击	156易伤2敌人爆炸3等级45最后敌人5序列升级7暴击8时间9伤害a核
350	41412 24311	5	   	251.21	橙3易伤1伤害1等级1时间1暴击	134易伤24敌人爆炸4序列升级5等级6低血量敌人7暴击8时间9伤害a核
351	41412 34311	5	   	251.21	橙3易伤1伤害1等级1时间1暴击	134易伤24敌人爆炸4序列升级5等级6最后敌人7暴击8时间9伤害a核
352	31231 12611	4	   	251.11	橙3易伤1伤害1等级1时间1暴击	1时间2敌人爆炸3等级478易伤5暴击6基地爆炸9伤害a核
353	31236 12611	6	   	251.11	橙3易伤1伤害1等级1时间1暴击	1时间2敌人爆炸3等级478易伤5暴击6基地爆炸9伤害a核
354	31236 12611	5	   	251.11	橙3易伤1伤害1等级1时间1暴击	1时间2敌人爆炸3等级478易伤5暴击6基地爆炸9伤害a核
355	31255 12611	5	   	251.11	橙3易伤1伤害1等级1时间1暴击	1时间2敌人爆炸3等级4暴击578易伤6基地爆炸9伤害a核
356	31255 12611	6	   	251.11	橙3易伤1伤害1等级1时间1暴击	1时间2敌人爆炸3等级4暴击578易伤6基地爆炸9伤害a核
357	31436 24111	5	   	251.11	橙3易伤1伤害1等级1时间1暴击	1时间2敌人爆炸346易伤5等级7暴击8最后敌人9伤害a核
358	34236 12611	6	   	251.11	橙3易伤1伤害1等级1时间1暴击	1时间2基地爆炸3等级478易伤5暴击6敌人爆炸9伤害a核
359	41231 21551	4	   	251.11	橙3易伤1伤害1等级1时间1暴击	146易伤2敌人爆炸3等级5基地爆炸7伤害8时间9暴击a核
360	41231 24611	4	   	251.11	橙3易伤1伤害1等级1时间1暴击	146易伤2敌人爆炸3等级5基地爆炸7暴击8时间9伤害a核
361	41231 31311	6	   	251.11	橙3易伤1伤害1等级1时间1暴击	145易伤2敌人爆炸3等级6暴击7最后敌人8时间9伤害a核
362	41231 32311	7	   	251.11	橙3易伤1伤害1等级1时间1暴击	145易伤2敌人爆炸3等级6暴击7最后敌人8时间9伤害a核
363	41231 33311	6	   	251.11	橙3易伤1伤害1等级1时间1暴击	145易伤2敌人爆炸3等级6暴击7低血量敌人8时间9伤害a核
364	41231 34611	7	   	251.11	橙3易伤1伤害1等级1时间1暴击	145易伤2敌人爆炸3等级6暴击7基地爆炸8时间9伤害a核
365	41232 24311	4	   	251.11	橙3易伤1伤害1等级1时间1暴击	146易伤2敌人爆炸3等级5最后敌人7暴击8时间9伤害a核
366	44231 31311	6	   	251.11	橙3易伤1伤害1等级1时间1暴击	145易伤2基地爆炸3等级6暴击7最后敌人8时间9伤害a核
367	44231 32311	7	   	251.11	橙3易伤1伤害1等级1时间1暴击	145易伤2基地爆炸3等级6暴击7最后敌人8时间9伤害a核
368	44231 33311	6	   	251.11	橙3易伤1伤害1等级1时间1暴击	145易伤2基地爆炸3等级6暴击7低血量敌人8时间9伤害a核
369	44232 24111	4	   	251.11	橙3易伤1伤害1等级1时间1暴击	146易伤2基地爆炸3等级5时间7暴击8最后敌人9伤害a核
370	31411 12611	4	   	251.11	橙3易伤1伤害1等级1时间1暴击	1时间2敌人爆炸378易伤4暴击5等级6基地爆炸9伤害a核
371	31436 23611	7	   	251.11	橙3易伤1伤害1等级1时间1暴击	1时间2敌人爆炸348易伤5等级6最后敌人7暴击9伤害a核
372	41231 24311	5	   	251.11	橙3易伤1伤害1等级1时间1暴击	145易伤2敌人爆炸3等级6低血量敌人7暴击8时间9伤害a核
373	41231 34311	5	   	251.11	橙3易伤1伤害1等级1时间1暴击	145易伤2敌人爆炸3等级6最后敌人7暴击8时间9伤害a核
374	44231 24311	5	   	251.11	橙3易伤1伤害1等级1时间1暴击	145易伤2基地爆炸3等级6低血量敌人7暴击8时间9伤害a核
375	44231 34311	5	   	251.11	橙3易伤1伤害1等级1时间1暴击	145易伤2基地爆炸3等级6最后敌人7暴击8时间9伤害a核
376	45131 12611	1	   	251.11	橙3易伤1伤害1等级1时间1暴击	178易伤2暴击3敌人爆炸4时间5等级6基地爆炸9伤害a核
377	41253 32622	8	   	251.06	橙2易伤3伤害1等级1暴击1全技能	1a易伤2a敌人爆炸3等级4暴击5平台6核78a伤害9全技能a序列升级
378	41411 22412	6	   	251.01	橙4易伤1伤害1暴击1全技能	1348易伤24敌人爆炸4序列升级5全技能6伤害7核9暴击a策反
379	41311 22413	6	   	251.01	橙4易伤1伤害1暴击1全技能	148a易伤24敌人爆炸3立即金币4序列升级5全技能6伤害7核9暴击
380	41511 22413	6	   	251.01	橙4易伤1伤害1暴击1全技能	148a易伤24敌人爆炸3双倍矿4序列升级5全技能6伤害7核9暴击
381	44311 22413	6	   	251.01	橙4易伤1伤害1暴击1全技能	148a易伤24基地爆炸3立即金币4序列升级5全技能6伤害7核9暴击
382	34231 32611	4	   	251.01	橙3易伤1伤害1时间1等级1暴击	1时间2基地爆炸3等级478易伤5暴击6挖尘9伤害a核
383	34236 32611	5	   	251.01	橙3易伤1伤害1时间1等级1暴击	1时间2基地爆炸3等级478易伤5暴击6挖尘9伤害a核
384	45211 32611	1	   	251.01	橙3易伤1伤害1时间1等级1暴击	178易伤2暴击3时间4基地爆炸5等级6挖尘9伤害a核
385	45231 31311	6	   	251.01	橙3易伤1伤害1等级1时间1暴击	145易伤2挖尘3等级6暴击7最后敌人8时间9伤害a核
386	45231 32311	7	   	251.01	橙3易伤1伤害1等级1时间1暴击	145易伤2挖尘3等级6暴击7最后敌人8时间9伤害a核
387	45231 33311	6	   	251.01	橙3易伤1伤害1时间1等级1暴击	145易伤2挖尘3等级6暴击7低血量敌人8时间9伤害a核
388	34411 32611	4	   	251.01	橙3易伤1伤害1时间1等级1暴击	1时间2基地爆炸378易伤4暴击5等级6挖尘9伤害a核
389	35231 12611	4	   	251.01	橙3易伤1伤害1时间1等级1暴击	1时间2挖尘3等级478易伤5暴击6基地爆炸9伤害a核
390	35231 32611	4	   	251.01	橙3易伤1伤害1时间1等级1暴击	1时间2挖尘3等级478易伤5暴击6敌人爆炸9伤害a核
391	35236 12611	5	   	251.01	橙3易伤1伤害1时间1等级1暴击	1时间2挖尘3等级478易伤5暴击6基地爆炸9伤害a核
392	35236 12611	6	   	251.01	橙3易伤1伤害1时间1等级1暴击	1时间2挖尘3等级478易伤5暴击6敌人爆炸9伤害a核
393	35236 32611	5	   	251.01	橙3易伤1伤害1时间1等级1暴击	1时间2挖尘3等级478易伤5暴击6敌人爆炸9伤害a核
394	35411 12611	4	   	251.01	橙3易伤1伤害1时间1等级1暴击	1时间2挖尘378易伤4暴击5等级6基地爆炸9伤害a核
395	35411 32611	4	   	251.01	橙3易伤1伤害1时间1等级1暴击	1时间2挖尘378易伤4暴击5等级6敌人爆炸9伤害a核
396	41231 14611	6	   	251.01	橙3易伤1伤害1时间1等级1暴击	145易伤2敌人爆炸3等级6挖尘7暴击8时间9伤害a核
397	45231 24311	5	   	251.01	橙3易伤1伤害1时间1等级1暴击	145易伤2挖尘3等级6低血量敌人7暴击8时间9伤害a核
398	45231 34311	5	   	251.01	橙3易伤1伤害1等级1时间1暴击	145易伤2挖尘3等级6最后敌人7暴击8时间9伤害a核
399	45232 24311	4	   	251.01	橙3易伤1伤害1等级1时间1暴击	146易伤2挖尘3等级5最后敌人7暴击8时间9伤害a核
400	45412 31311	6	   	251.01	橙3易伤1伤害1等级1时间1暴击	134易伤24挖尘4序列升级5等级6暴击7最后敌人8时间9伤害a核
401	45412 32311	7	   	251.01	橙3易伤1伤害1等级1时间1暴击	134易伤24挖尘4序列升级5等级6暴击7最后敌人8时间9伤害a核
402	45412 33311	6	   	251.01	橙3易伤1伤害1时间1等级1暴击	134易伤24挖尘4序列升级5等级6暴击7低血量敌人8时间9伤害a核
403	23635 41122	7	 * 	250.92	紫3易伤2时间2攻速1伤害1等级1全技能	1a基地爆炸25攻速3核45a易伤5a序列升级6等级7伤害8a时间9全技能
404	33635 41322	7	   	250.92	紫3易伤2时间2攻速1伤害1等级1全技能	1a时间25攻速3核45a易伤5a序列升级6等级7伤害8a敌人爆炸9全技能
405	36612 33341	8	   	250.85	橙3易伤2时间1伤害2雷电	19时间2额外掉落35雷电469易伤79矿等8核9序列升级a伤害
406	45211 22463	1	   	250.84	橙3易伤2等级2暴击1时间1全技能	17a易伤2a暴击3时间4基地爆炸5a等级6加一8核9全技能a序列升级
407	45311 22413	6	   	250.81	橙4易伤1伤害1暴击1全技能	148a易伤24挖尘3立即金币4序列升级5全技能6伤害7核9暴击
408	46413 11133	6	   	250.79	橙3易伤2时间2攻速1暴击	159易伤2额外掉落3立即金币49攻速6低血量敌人7暴击89时间9序列升级a核
409	16142 53132	9	   	250.75	橙3易伤2时间2暴击2雷电	1平台2a雷电3a暴击48时间5最后敌人6核79a易伤a序列升级
410	43632 51122	7	   	250.72	紫3易伤2时间2攻速1伤害1等级1全技能	14a易伤2a攻速3核5加一6等级7伤害8a时间9全技能a序列升级
411	62632 51122	7	   	250.72	紫3易伤2时间2攻速1伤害1等级1全技能	1a攻速24a易伤3核5加一6等级7伤害8a时间9全技能a序列升级
412	33635 24323	4	 * 	250.70	紫4易伤2时间2攻速1暴击1全技能	19时间25攻速3核456a易伤5序列升级7暴击8全技能
413	33635 24323	5	   	250.70	紫4易伤2时间2攻速1暴击1全技能	19时间25攻速3核456a易伤5序列升级7暴击8全技能
414	41411 12413	6	   	250.49	橙5易伤1暴击1全技能	1348a易伤24敌人爆炸4序列升级5全技能6矿等7核9暴击
415	33135 37238	8	 * 	250.37	橙3易伤3时间2攻速	15a时间29攻速3a敌人爆炸45a易伤5a序列升级6加一7平台8核
416	33135 37248	9	   	250.37	橙3易伤3时间2攻速	15a时间29攻速3a敌人爆炸45a易伤5a序列升级6加一7平台8核
417	43631 62331	5	 * 	250.33	紫4易伤2攻速2等级1伤害1暴击	1457易伤27攻速3核67等级7序列升级8伤害9基地爆炸a暴击
418	62631 62331	5	   	250.33	紫4易伤2攻速2等级1伤害1暴击	17攻速2457易伤3核67等级7序列升级8伤害9基地爆炸a暴击
419	43331 66111	7	 * 	250.26	橙2易伤2时间2攻速1伤害2暴击	17易伤27攻速3低血量敌人45时间67暴击7序列升级8最后敌人9伤害a核
420	43331 66321	8	   	250.26	橙2易伤2时间2攻速1伤害2暴击	17易伤27攻速3低血量敌人45时间67暴击7序列升级8伤害9基地爆炸a核
421	62331 66111	7	   	250.26	橙2易伤2时间2攻速1伤害2暴击	17攻速27易伤3低血量敌人45时间67暴击7序列升级8最后敌人9伤害a核
422	62331 66321	8	   	250.26	橙2易伤2时间2攻速1伤害2暴击	17攻速27易伤3低血量敌人45时间67暴击7序列升级8伤害9基地爆炸a核
423	43631 62321	5	   	250.23	紫4易伤2攻速2等级1伤害1暴击	1457易伤27攻速3核67等级7序列升级8伤害9挖尘a暴击
424	62631 62321	5	   	250.23	紫4易伤2攻速2等级1伤害1暴击	17攻速2457易伤3核67等级7序列升级8伤害9挖尘a暴击
425	33135 23653	10	   	250.15	橙3易伤2时间1暴击1攻速1全技能	15时间2攻速3敌人爆炸45a易伤5序列升级6最后敌人7暴击8全技能9核
426	43632 73344	10	 * 	250.00	紫4易伤2伤害3暴击1攻速	149a易伤2攻速3核5加一679暴击89伤害9序列升级
427	31422 31125	6	   	249.90	橙3易伤2伤害1时间1攻速	1时间245敌人爆炸34a易伤4序列升级6核78伤害9攻速
428	33135 41151	8	   	249.89	橙2易伤2时间1伤害1等级1暴击1攻速	15时间2攻速3敌人爆炸45易伤5序列升级6等级7伤害8矿等9暴击a核
429	33135 41333	6	   	249.89	橙2易伤2时间1伤害1等级1暴击1攻速	15时间2攻速3敌人爆炸45易伤5序列升级6等级7核8立即金币9伤害a暴击
430	33135 43333	8	   	249.89	橙2易伤2时间1伤害1等级1暴击1攻速	15时间2攻速3敌人爆炸45易伤5序列升级6等级7立即金币8核9伤害a暴击
431	33135 62211	8	   	249.89	橙2易伤2时间1伤害1等级1暴击1攻速	15时间2攻速3敌人爆炸45易伤5序列升级6暴击7矿等8等级9伤害a核
432	43631 62121	5	 * 	249.81	紫5易伤2攻速2等级1暴击	1457a易伤27攻速3核67等级7序列升级8低血量敌人9暴击
433	62631 62121	5	   	249.81	紫5易伤2攻速2等级1暴击	17攻速2457a易伤3核67等级7序列升级8低血量敌人9暴击
434	33135 41251	7	   	249.79	橙2易伤2时间1伤害1等级1暴击1攻速	15时间2攻速3敌人爆炸45易伤5序列升级6等级7伤害8掉矿9暴击a核
435	34416 32333	10	   	249.65	橙3易伤2时间1伤害1暴击	18时间28基地爆炸359易伤4暴击6核78低血量敌人8序列升级a伤害
436	33131 31552	10	   	249.62	橙3易伤3时间1攻速1全技能	18a时间2攻速3敌人爆炸467易伤5全技能9核
437	41231 33355	9	   	249.58	橙3易伤2等级1伤害1暴击1攻速	145易伤2敌人爆炸3a等级6暴击7攻速8核9伤害
438	16121 21316	8	   	249.56	橙4易伤1伤害1暴击	1平台2雷电3暴击4敌人爆炸5678易伤9伤害a核
439	31135 21451	4	   	249.55	橙3易伤2时间1伤害1暴击	15时间2敌人爆炸3策反456易伤5序列升级7伤害8基地爆炸9暴击a核
440	31135 21451	5	   	249.55	橙3易伤2时间1伤害1暴击	15时间2敌人爆炸3策反456易伤5序列升级7伤害8基地爆炸9暴击a核
441	31135 24111	4	   	249.55	橙3易伤2时间1伤害1暴击	15时间2敌人爆炸3策反456易伤5序列升级7暴击8最后敌人9伤害a核
442	31135 24111	5	   	249.55	橙3易伤2时间1伤害1暴击	15时间2敌人爆炸3策反456易伤5序列升级7暴击8最后敌人9伤害a核
443	31135 24411	5	   	249.55	橙3易伤2时间1伤害1暴击	15时间2敌人爆炸3策反456易伤5序列升级7暴击8低血量敌人9伤害a核
444	31135 24411	4	   	249.55	橙3易伤2时间1伤害1暴击	15时间2敌人爆炸3策反456易伤5序列升级7暴击8低血量敌人9伤害a核
445	32135 21451	5	   	249.55	橙3易伤2时间1伤害1暴击	15时间2策反3敌人爆炸456易伤5序列升级7伤害8基地爆炸9暴击a核
446	32135 21451	4	   	249.55	橙3易伤2时间1伤害1暴击	15时间2策反3敌人爆炸456易伤5序列升级7伤害8基地爆炸9暴击a核
447	32135 24111	5	   	249.55	橙3易伤2时间1伤害1暴击	15时间2策反3敌人爆炸456易伤5序列升级7暴击8最后敌人9伤害a核
448	32135 24111	4	   	249.55	橙3易伤2时间1伤害1暴击	15时间2策反3敌人爆炸456易伤5序列升级7暴击8最后敌人9伤害a核
449	32135 24411	5	   	249.55	橙3易伤2时间1伤害1暴击	15时间2策反3敌人爆炸456易伤5序列升级7暴击8低血量敌人9伤害a核
450	32135 24411	4	   	249.55	橙3易伤2时间1伤害1暴击	15时间2策反3敌人爆炸456易伤5序列升级7暴击8低血量敌人9伤害a核
451	34135 24111	4	   	249.55	橙3易伤2时间1伤害1暴击	15时间2基地爆炸3策反456易伤5序列升级7暴击8最后敌人9伤害a核
452	34135 24111	5	   	249.55	橙3易伤2时间1伤害1暴击	15时间2基地爆炸3策反456易伤5序列升级7暴击8最后敌人9伤害a核
453	31135 16611	5	   	249.55	橙3易伤2时间1伤害1暴击	15时间2敌人爆炸3策反458易伤5序列升级6低血量敌人7暴击9伤害a核
454	31135 16611	4	   	249.55	橙3易伤2时间1伤害1暴击	15时间2敌人爆炸3策反458易伤5序列升级6低血量敌人7暴击9伤害a核
455	31135 23611	7	   	249.55	橙3易伤2时间1伤害1暴击	15时间2敌人爆炸3策反458易伤5序列升级6最后敌人7暴击9伤害a核
456	31135 26611	6	   	249.55	橙3易伤2时间1伤害1暴击	15时间2敌人爆炸3策反458易伤5序列升级6最后敌人7暴击9伤害a核
457	31135 36611	5	   	249.55	橙3易伤2时间1伤害1暴击	15时间2敌人爆炸3策反458易伤5序列升级6最后敌人7暴击9伤害a核
458	31135 36611	4	   	249.55	橙3易伤2时间1伤害1暴击	15时间2敌人爆炸3策反458易伤5序列升级6最后敌人7暴击9伤害a核
459	31135 62611	7	   	249.55	橙3易伤2时间1伤害1暴击	15时间2敌人爆炸3策反458易伤5序列升级6暴击7基地爆炸9伤害a核
460	31422 36612	10	   	249.55	橙3易伤2时间1伤害1暴击	17时间245敌人爆炸349易伤4序列升级6核8伤害a暴击
461	31422 36613	8	   	249.55	橙3易伤2时间1伤害1暴击	17时间245敌人爆炸349易伤4序列升级6核8伤害a暴击
462	31422 36613	9	   	249.55	橙3易伤2时间1伤害1暴击	17时间245敌人爆炸349易伤4序列升级6核8伤害a暴击
463	32135 16611	5	   	249.55	橙3易伤2时间1伤害1暴击	15时间2策反3敌人爆炸458易伤5序列升级6低血量敌人7暴击9伤害a核
464	32135 16611	4	   	249.55	橙3易伤2时间1伤害1暴击	15时间2策反3敌人爆炸458易伤5序列升级6低血量敌人7暴击9伤害a核
465	32135 23611	7	   	249.55	橙3易伤2时间1伤害1暴击	15时间2策反3敌人爆炸458易伤5序列升级6最后敌人7暴击9伤害a核
466	32135 26611	6	   	249.55	橙3易伤2时间1伤害1暴击	15时间2策反3敌人爆炸458易伤5序列升级6最后敌人7暴击9伤害a核
467	32135 36611	4	   	249.55	橙3易伤2时间1伤害1暴击	15时间2策反3敌人爆炸458易伤5序列升级6最后敌人7暴击9伤害a核
468	32135 36611	5	   	249.55	橙3易伤2时间1伤害1暴击	15时间2策反3敌人爆炸458易伤5序列升级6最后敌人7暴击9伤害a核
469	32135 62611	7	   	249.55	橙3易伤2时间1伤害1暴击	15时间2策反3敌人爆炸458易伤5序列升级6暴击7基地爆炸9伤害a核
470	34135 23611	7	   	249.55	橙3易伤2时间1伤害1暴击	15时间2基地爆炸3策反458易伤5序列升级6最后敌人7暴击9伤害a核
471	16141 21316	8	   	249.48	橙3易伤2暴击1伤害1时间	1平台2雷电38暴击4时间567易伤9伤害a核
472	33135 41262	6	   	249.47	橙2易伤3时间1伤害1等级1攻速	159时间2攻速3敌人爆炸45易伤5序列升级6等级7核8金币生成a伤害
473	43335 41222	6	   	249.47	橙2易伤3时间1伤害1等级1攻速	15易伤2攻速3低血量敌人459时间5序列升级6等级7核8金币生成a伤害
474	43335 31422	4	   	249.47	橙2易伤3时间1伤害1等级1攻速	15易伤2攻速3低血量敌人458时间5序列升级6矿等7核9等级a伤害
475	43335 31422	5	   	249.47	橙2易伤3时间1伤害1等级1攻速	15易伤2攻速3低血量敌人458时间5序列升级6矿等7核9等级a伤害
476	42231 35832	8	   	249.46	橙4易伤1伤害1暴击	145a易伤2策反3加一6伤害7雷电8核9暴击
477	42231 35832	9	   	249.46	橙4易伤1伤害1暴击	145a易伤2策反3加一6伤害7雷电8核9暴击
478	32234 31132	10	   	249.45	橙3易伤2时间2等级1暴击	17时间2策反3加一478易伤57等级6额外掉落7序列升级9核a暴击
479	32335 21451	4	   	249.45	橙3易伤2时间1伤害1暴击	15时间2策反3挖尘456易伤5序列升级7伤害8基地爆炸9暴击a核
480	32335 21451	5	   	249.45	橙3易伤2时间1伤害1暴击	15时间2策反3挖尘456易伤5序列升级7伤害8基地爆炸9暴击a核
481	32335 24111	4	   	249.45	橙3易伤2时间1伤害1暴击	15时间2策反3挖尘456易伤5序列升级7暴击8最后敌人9伤害a核
482	32335 24111	5	   	249.45	橙3易伤2时间1伤害1暴击	15时间2策反3挖尘456易伤5序列升级7暴击8最后敌人9伤害a核
483	32335 24411	5	   	249.45	橙3易伤2时间1伤害1暴击	15时间2策反3挖尘456易伤5序列升级7暴击8低血量敌人9伤害a核
484	32335 24411	4	   	249.45	橙3易伤2时间1伤害1暴击	15时间2策反3挖尘456易伤5序列升级7暴击8低血量敌人9伤害a核
485	35135 24111	5	   	249.45	橙3易伤2时间1伤害1暴击	15时间2挖尘3策反456易伤5序列升级7暴击8最后敌人9伤害a核
486	35135 24111	4	   	249.45	橙3易伤2时间1伤害1暴击	15时间2挖尘3策反456易伤5序列升级7暴击8最后敌人9伤害a核
487	35416 32333	10	   	249.45	橙3易伤2时间1伤害1暴击	18时间28挖尘359易伤4暴击6核78低血量敌人8序列升级a伤害
488	42284 31132	10	   	249.45	橙3易伤2时间2等级1暴击	178易伤2策反3加一47时间57等级6额外掉落7序列升级9核a暴击
489	32335 13611	7	   	249.45	橙3易伤2时间1伤害1暴击	15时间2策反3挖尘458易伤5序列升级6基地爆炸7暴击9伤害a核
490	32335 16611	5	   	249.45	橙3易伤2时间1伤害1暴击	15时间2策反3挖尘458易伤5序列升级6低血量敌人7暴击9伤害a核
491	32335 16611	4	   	249.45	橙3易伤2时间1伤害1暴击	15时间2策反3挖尘458易伤5序列升级6低血量敌人7暴击9伤害a核
492	32335 23611	7	   	249.45	橙3易伤2时间1伤害1暴击	15时间2策反3挖尘458易伤5序列升级6最后敌人7暴击9伤害a核
493	32335 26611	6	   	249.45	橙3易伤2时间1伤害1暴击	15时间2策反3挖尘458易伤5序列升级6最后敌人7暴击9伤害a核
494	32335 36611	5	   	249.45	橙3易伤2时间1伤害1暴击	15时间2策反3挖尘458易伤5序列升级6最后敌人7暴击9伤害a核
495	32335 36611	4	   	249.45	橙3易伤2时间1伤害1暴击	15时间2策反3挖尘458易伤5序列升级6最后敌人7暴击9伤害a核
496	32335 62611	7	   	249.45	橙3易伤2时间1伤害1暴击	15时间2策反3挖尘458易伤5序列升级6暴击7基地爆炸9伤害a核
497	32335 63611	7	   	249.45	橙3易伤2时间1伤害1暴击	15时间2策反3挖尘458易伤5序列升级6暴击7敌人爆炸9伤害a核
498	35135 13611	7	   	249.45	橙3易伤2时间1伤害1暴击	15时间2挖尘3策反458易伤5序列升级6基地爆炸7暴击9伤害a核
499	35135 23611	7	   	249.45	橙3易伤2时间1伤害1暴击	15时间2挖尘3策反458易伤5序列升级6最后敌人7暴击9伤害a核
500	16261 31335	5	 * 	249.35	橙3易伤2时间3雷电1暴击	1平台267雷电3挖尘479易伤57时间7序列升级8核a暴击
501	35416 33132	10	   	249.35	橙3易伤2时间1伤害1暴击	18时间2挖尘35a易伤4暴击6核7策反9伤害
502	13112 24315	1	   	249.21	橙3易伤3伤害1攻速	1平台248易伤367伤害5攻速9最后敌人a核
503	13112 24325	1	   	249.21	橙3易伤3伤害1攻速	1平台248易伤367伤害5攻速9基地爆炸a核
504	43631 36311	8	   	249.12	紫4易伤2攻速2暴击1等级1时间	1457易伤27攻速3核67暴击7序列升级8等级9策反a时间
505	43631 36331	8	   	249.12	紫4易伤2攻速2暴击1等级1时间	1457易伤27攻速3核67暴击7序列升级8等级9金币生成a时间
506	43631 36331	9	   	249.12	紫4易伤2攻速2暴击1等级1时间	1457易伤27攻速3核67暴击7序列升级8等级9随机矿a时间
507	62631 36311	8	   	249.12	紫4易伤2攻速2暴击1等级1时间	17攻速2457易伤3核67暴击7序列升级8等级9策反a时间
508	62631 36331	8	   	249.12	紫4易伤2攻速2暴击1等级1时间	17攻速2457易伤3核67暴击7序列升级8等级9金币生成a时间
509	62631 36331	9	   	249.12	紫4易伤2攻速2暴击1等级1时间	17攻速2457易伤3核67暴击7序列升级8等级9随机矿a时间
510	43125 31531	5	   	249.11	橙4易伤2攻速1伤害	158a易伤28攻速3敌人爆炸45低血量敌人58序列升级68矿等7核9伤害
511	43125 31531	4	   	249.11	橙4易伤2攻速1伤害	158a易伤28攻速3敌人爆炸45低血量敌人58序列升级68矿等7核9伤害
512	13112 24345	1	   	249.11	橙3易伤3伤害1攻速	1平台248易伤367伤害5攻速9挖尘a核
513	12232 43426	7	   	249.02	橙3易伤3时间1伤害	1平台28掉矿3矿等48a易伤568时间7核8序列升级9伤害
514	31233 13812	9	   	249.02	橙3易伤3时间3等级	17a时间29敌人爆炸37a等级47a易伤5加一6双倍物品7a序列升级8核
515	31233 13852	8	   	249.02	橙3易伤3时间3等级	17a时间29敌人爆炸37a等级47a易伤5加一6双倍物品7a序列升级8核
516	32234 31131	10	   	249.02	橙3易伤3时间2等级	17a时间2策反3加一478易伤57等级6额外掉落7序列升级9核
517	32234 31132	9	   	249.02	橙3易伤3时间2等级	17a时间2策反3加一478易伤57等级6额外掉落7序列升级9核
518	34233 13832	9	   	249.02	橙3易伤3时间3等级	17a时间2基地爆炸37a等级47a易伤5加一6双倍物品7a序列升级8核9双倍矿
519	34233 13872	8	   	249.02	橙3易伤3时间3等级	17a时间29基地爆炸37a等级47a易伤5加一6双倍物品7a序列升级8核
520	42284 31131	10	   	249.02	橙3易伤3时间2等级	178易伤2策反3加一47a时间57等级6额外掉落7序列升级9核
521	42284 31132	9	   	249.02	橙3易伤3时间2等级	178易伤2策反3加一47a时间57等级6额外掉落7序列升级9核
522	43631 36321	9	   	249.02	紫4易伤2攻速2暴击1等级1时间1核弹	1457易伤27攻速3核67暴击7序列升级8等级9核弹a时间
523	62631 36321	9	   	249.02	紫4易伤2攻速2暴击1等级1时间1核弹	17攻速2457易伤3核67暴击7序列升级8等级9核弹a时间
524	16141 22153	9	   	249.02	橙3易伤1时间1等级1暴击1全技能	1平台2雷电3暴击4时间569易伤7等级8全技能a核
525	16141 22433	9	   	249.02	橙3易伤1时间1等级1暴击1全技能	1平台2雷电3暴击4时间568易伤7等级9全技能a核
526	43233 21511	1	   	249.01	橙4易伤2攻速1伤害	158a易伤28攻速3伤害4基地爆炸68敌人爆炸7核8序列升级9金币生成
527	43233 21511	2	   	249.01	橙4易伤2攻速1伤害	158a易伤28攻速3伤害4基地爆炸68敌人爆炸7核8序列升级9金币生成
528	43233 21525	1	   	249.01	橙4易伤2攻速1伤害	158a易伤28攻速3伤害4基地爆炸689敌人爆炸7核8序列升级
529	43233 21525	2	   	249.01	橙4易伤2攻速1伤害	158a易伤28攻速3伤害4基地爆炸689敌人爆炸7核8序列升级
530	43233 21541	2	   	249.01	橙4易伤2攻速1伤害	1589易伤28攻速3伤害4a基地爆炸68敌人爆炸7核8序列升级
531	43233 21541	1	   	249.01	橙4易伤2攻速1伤害	1589易伤28攻速3伤害4a基地爆炸68敌人爆炸7核8序列升级
532	43233 21542	2	   	249.01	橙4易伤2攻速1伤害	1589易伤28攻速3伤害4基地爆炸68敌人爆炸7核8序列升级a平台
533	43233 21542	1	   	249.01	橙4易伤2攻速1伤害	1589易伤28攻速3伤害4基地爆炸68敌人爆炸7核8序列升级a平台
534	43233 21543	2	   	249.01	橙4易伤2攻速1伤害	1589易伤28攻速3伤害4基地爆炸68敌人爆炸7核8序列升级a低血量敌人
535	43233 21543	1	   	249.01	橙4易伤2攻速1伤害	1589易伤28攻速3伤害4基地爆炸68敌人爆炸7核8序列升级a低血量敌人
536	53233 31511	1	   	249.01	橙4易伤2攻速1伤害	18敌人爆炸28攻速3伤害4基地爆炸568a易伤7核8序列升级9金币生成
537	53233 31525	1	   	249.01	橙4易伤2攻速1伤害	189敌人爆炸28攻速3伤害4基地爆炸568a易伤7核8序列升级
538	53233 31541	1	   	249.01	橙4易伤2攻速1伤害	18敌人爆炸28攻速3伤害4a基地爆炸5689易伤7核8序列升级
539	53233 31542	1	   	249.01	橙4易伤2攻速1伤害	18敌人爆炸28攻速3伤害4基地爆炸5689易伤7核8序列升级a平台
540	53233 31543	1	   	249.01	橙4易伤2攻速1伤害	18敌人爆炸28攻速3伤害4基地爆炸5689易伤7核8序列升级a低血量敌人
541	61253 31531	4	   	249.01	橙4易伤2攻速1伤害	18攻速28矿等3基地爆炸4敌人爆炸568a易伤7核8序列升级9伤害
542	61333 31531	2	   	249.01	橙4易伤2攻速1伤害	18攻速28矿等3敌人爆炸4基地爆炸568a易伤7核8序列升级9伤害
543	62233 21511	2	   	249.01	橙4易伤2攻速1伤害	18攻速258a易伤3伤害4基地爆炸68敌人爆炸7核8序列升级9金币生成
544	62233 21525	2	   	249.01	橙4易伤2攻速1伤害	18攻速258a易伤3伤害4基地爆炸689敌人爆炸7核8序列升级
545	62233 21541	2	   	249.01	橙4易伤2攻速1伤害	18攻速2589易伤3伤害4a基地爆炸68敌人爆炸7核8序列升级
546	62233 21542	2	   	249.01	橙4易伤2攻速1伤害	18攻速2589易伤3伤害4基地爆炸68敌人爆炸7核8序列升级a平台
547	62233 21543	2	   	249.01	橙4易伤2攻速1伤害	18攻速2589易伤3伤害4基地爆炸68敌人爆炸7核8序列升级a低血量敌人
548	66333 31531	1	   	249.01	橙4易伤2攻速1伤害	18攻速2随机矿3敌人爆炸48基地爆炸568a易伤7核8序列升级9伤害
549	31462 32322	8	   	248.98	橙3易伤3时间1伤害1卖塔	158时间2敌人爆炸38a易伤4卖塔6核78低血量敌人8序列升级9伤害
550	31462 32362	9	   	248.98	橙3易伤3时间1伤害1卖塔	158时间2敌人爆炸38a易伤4卖塔6核78低血量敌人8序列升级9伤害
551	31462 35322	8	   	248.98	橙3易伤3时间1伤害1卖塔	158时间2敌人爆炸38a易伤4卖塔6核78基地爆炸8序列升级9伤害
552	16261 31333	5	 * 	248.92	橙3易伤3时间3雷电	1平台267雷电3挖尘479易伤57a时间7序列升级8核
553	31233 12822	8	   	248.92	橙3易伤3时间2等级	19a时间2敌人爆炸3a等级47a易伤5加一6双倍物品8核a序列升级
554	31233 13828	8	   	248.92	橙3易伤3时间2等级	179时间2敌人爆炸37等级47a易伤5加一6双倍物品7序列升级8核
555	34233 12822	8	   	248.92	橙3易伤3时间2等级	19a时间2基地爆炸3a等级47a易伤5加一6双倍物品8核a序列升级
556	35233 13832	9	   	248.92	橙3易伤3时间3等级	17a时间2挖尘37a等级47a易伤5加一6双倍物品7a序列升级8核9双倍矿
557	23313 31531	2	   	248.91	橙4易伤2攻速1伤害	18基地爆炸28攻速3敌人爆炸4掉矿568a易伤7核8序列升级9伤害
558	23313 31531	1	   	248.91	橙4易伤2攻速1伤害	18基地爆炸28攻速3敌人爆炸4掉矿568a易伤7核8序列升级9伤害
559	23513 31531	4	   	248.91	橙4易伤2攻速1伤害	18基地爆炸28攻速3敌人爆炸4掉矿568a易伤7核8序列升级9伤害
560	23513 31531	3	   	248.91	橙4易伤2攻速1伤害	18基地爆炸28攻速3敌人爆炸4掉矿568a易伤7核8序列升级9伤害
561	43113 21531	2	   	248.91	橙4易伤2攻速1伤害	158a易伤28攻速3最后敌人4掉矿68敌人爆炸7核8序列升级9伤害
562	43113 21531	1	   	248.91	橙4易伤2攻速1伤害	158a易伤28攻速3最后敌人4掉矿68敌人爆炸7核8序列升级9伤害
563	43114 31531	4	   	248.91	橙4易伤2攻速1伤害	168a易伤28攻速3敌人爆炸4掉矿58基地爆炸7核8序列升级9伤害
564	43114 31531	3	   	248.91	橙4易伤2攻速1伤害	168a易伤28攻速3敌人爆炸4掉矿58基地爆炸7核8序列升级9伤害
565	43211 26136	2	   	248.91	橙4易伤2攻速1伤害	1678易伤27攻速3伤害4掉矿579基地爆炸7序列升级a核
566	43211 26136	1	   	248.91	橙4易伤2攻速1伤害	1678易伤27攻速3伤害4掉矿579基地爆炸7序列升级a核
567	43313 21531	5	   	248.91	橙4易伤2攻速1伤害	158a易伤28攻速3低血量敌人4掉矿68敌人爆炸7核8序列升级9伤害
568	43313 21531	4	   	248.91	橙4易伤2攻速1伤害	158a易伤28攻速3低血量敌人4掉矿68敌人爆炸7核8序列升级9伤害
569	43313 21531	1	   	248.91	橙4易伤2攻速1伤害	158a易伤28攻速3基地爆炸4掉矿68敌人爆炸7核8序列升级9伤害
570	43313 21531	3	   	248.91	橙4易伤2攻速1伤害	158a易伤28攻速3低血量敌人4掉矿68敌人爆炸7核8序列升级9伤害
571	43313 21531	2	   	248.91	橙4易伤2攻速1伤害	158a易伤28攻速3基地爆炸4掉矿68敌人爆炸7核8序列升级9伤害
572	53313 31531	1	   	248.91	橙4易伤2攻速1伤害	18敌人爆炸28攻速3基地爆炸4掉矿568a易伤7核8序列升级9伤害
573	62113 21531	2	   	248.91	橙4易伤2攻速1伤害	18攻速258a易伤3最后敌人4掉矿68敌人爆炸7核8序列升级9伤害
574	62114 31531	4	   	248.91	橙4易伤2攻速1伤害	18攻速268a易伤3敌人爆炸4掉矿58基地爆炸7核8序列升级9伤害
575	62114 31531	3	   	248.91	橙4易伤2攻速1伤害	18攻速268a易伤3敌人爆炸4掉矿58基地爆炸7核8序列升级9伤害
576	62211 26136	2	   	248.91	橙4易伤2攻速1伤害	17攻速2678易伤3伤害4掉矿579基地爆炸7序列升级a核
577	62313 21531	5	   	248.91	橙4易伤2攻速1伤害	18攻速258a易伤3低血量敌人4掉矿68敌人爆炸7核8序列升级9伤害
578	62313 21531	3	   	248.91	橙4易伤2攻速1伤害	18攻速258a易伤3低血量敌人4掉矿68敌人爆炸7核8序列升级9伤害
579	62313 21531	2	   	248.91	橙4易伤2攻速1伤害	18攻速258a易伤3基地爆炸4掉矿68敌人爆炸7核8序列升级9伤害
580	62313 21531	4	   	248.91	橙4易伤2攻速1伤害	18攻速258a易伤3低血量敌人4掉矿68敌人爆炸7核8序列升级9伤害
581	65313 31531	1	   	248.91	橙4易伤2攻速1伤害	18攻速28基地爆炸3敌人爆炸4掉矿568a易伤7核8序列升级9伤害
582	35233 12822	8	   	248.82	橙3易伤3时间2等级	19a时间2挖尘3a等级47a易伤5加一6双倍物品8核a序列升级
583	35233 13832	8	   	248.82	橙3易伤3时间3等级	17a时间29挖尘37a等级47a易伤5加一6双倍物品7a序列升级8核
584	35233 13872	9	   	248.82	橙3易伤3时间3等级	17a时间29挖尘37a等级47a易伤5加一6双倍物品7a序列升级8核
585	43131 41531	4	   	248.81	橙4易伤2攻速1伤害	148a易伤28攻速3敌人爆炸5基地爆炸68掉矿7核8序列升级9伤害
586	43132 41531	4	   	248.81	橙4易伤2攻速1伤害	148a易伤28攻速3敌人爆炸5最后敌人68掉矿7核8序列升级9伤害
587	43242 31511	1	   	248.81	橙4易伤2攻速1伤害	168a易伤28攻速3伤害4敌人爆炸58挖尘7核8序列升级9金币生成
588	43242 31511	2	   	248.81	橙4易伤2攻速1伤害	168a易伤28攻速3伤害4敌人爆炸58挖尘7核8序列升级9金币生成
589	62131 41531	4	   	248.81	橙4易伤2攻速1伤害	18攻速248a易伤3敌人爆炸5基地爆炸68掉矿7核8序列升级9伤害
590	62132 41531	4	   	248.81	橙4易伤2攻速1伤害	18攻速248a易伤3敌人爆炸5最后敌人68掉矿7核8序列升级9伤害
591	62242 31511	2	   	248.81	橙4易伤2攻速1伤害	18攻速268a易伤3伤害4敌人爆炸58挖尘7核8序列升级9金币生成
592	33135 23214	4	   	248.79	橙3易伤2时间1暴击1攻速	15时间2攻速3敌人爆炸456易伤5序列升级7雷电8低血量敌人9暴击a核
593	33135 23214	5	   	248.79	橙3易伤2时间1暴击1攻速	15时间2攻速3敌人爆炸456易伤5序列升级7雷电8低血量敌人9暴击a核
594	33135 21354	8	   	248.79	橙3易伤2时间1暴击1攻速	15时间2攻速3敌人爆炸459易伤5序列升级6最后敌人7雷电8暴击a核
595	12132 34335	1	 * 	248.76	橙2易伤3伤害2攻速1时间	1平台2时间347伤害56攻速89易伤a核
596	13112 34534	1	   	248.76	橙2易伤3伤害2攻速1等级	1平台24易伤379伤害56攻速8核a等级
597	43112 31531	4	   	248.71	橙4易伤2攻速1伤害	168a易伤28攻速3敌人爆炸4掉矿58挖尘7核8序列升级9伤害
598	43112 31531	3	   	248.71	橙4易伤2攻速1伤害	168a易伤28攻速3敌人爆炸4掉矿58挖尘7核8序列升级9伤害
599	43133 51531	6	   	248.71	橙4易伤2攻速1伤害	148a易伤28攻速3敌人爆炸5掉矿68挖尘7核8序列升级9伤害
600	62112 31531	4	   	248.71	橙4易伤2攻速1伤害	18攻速268a易伤3敌人爆炸4掉矿58挖尘7核8序列升级9伤害
601	62112 31531	3	   	248.71	橙4易伤2攻速1伤害	18攻速268a易伤3敌人爆炸4掉矿58挖尘7核8序列升级9伤害
602	62133 51531	6	   	248.71	橙4易伤2攻速1伤害	18攻速248a易伤3敌人爆炸5掉矿68挖尘7核8序列升级9伤害
603	41411 34231	8	   	248.61	橙4易伤1时间2雷电1全技能	1347易伤247敌人爆炸47序列升级5全技能67雷电8金币生成9时间a核
604	41132 51522	7	   	248.56	橙3易伤2伤害1等级1全技能	14a易伤2a敌人爆炸3策反5加一6等级7a伤害8核9全技能a序列升级
605	42132 51522	7	   	248.56	橙3易伤2伤害1等级1全技能	14a易伤2a策反3敌人爆炸5加一6等级7a伤害8核9全技能a序列升级
606	44232 21522	7	   	248.56	橙3易伤2伤害1等级1全技能	14a易伤2a基地爆炸3等级5加一6策反7a伤害8核9全技能a序列升级
607	41412 33311	10	   	248.54	橙4易伤1等级1暴击1攻速	1349易伤24敌人爆炸4序列升级5等级6暴击7攻速8核a策反
608	41412 33313	9	   	248.54	橙4易伤1等级1暴击1攻速	1349易伤24a敌人爆炸4序列升级5等级6暴击7攻速8核
609	41412 33313	10	   	248.54	橙4易伤1等级1暴击1攻速	1349易伤24敌人爆炸4序列升级5等级6暴击7攻速8核a额外掉落
610	41412 33316	9	   	248.54	橙4易伤1等级1暴击1攻速	1349易伤24敌人爆炸4序列升级5等级6暴击7攻速8核a额外掉落
611	41412 33363	8	   	248.54	橙4易伤1等级1暴击1攻速	134a易伤249敌人爆炸4序列升级5等级6暴击7攻速8核
612	44412 33311	10	   	248.54	橙4易伤1等级1暴击1攻速	1349易伤24基地爆炸4序列升级5等级6暴击7攻速8核a策反
613	44412 33313	9	   	248.54	橙4易伤1等级1暴击1攻速	1349易伤24基地爆炸4序列升级5等级6暴击7攻速8核a敌人爆炸
614	44412 33313	10	   	248.54	橙4易伤1等级1暴击1攻速	1349易伤24基地爆炸4序列升级5等级6暴击7攻速8核a额外掉落
615	41312 33311	9	   	248.54	橙4易伤1等级1暴击1攻速	149a易伤24敌人爆炸3立即金币4序列升级5等级6暴击7攻速8核
616	41312 33315	10	   	248.54	橙4易伤1等级1暴击1攻速	149a易伤24敌人爆炸3立即金币4序列升级5等级6暴击7攻速8核
617	41512 33311	9	   	248.54	橙4易伤1等级1暴击1攻速	149a易伤24敌人爆炸3双倍矿4序列升级5等级6暴击7攻速8核
618	41512 33315	10	   	248.54	橙4易伤1等级1暴击1攻速	149a易伤24敌人爆炸3双倍矿4序列升级5等级6暴击7攻速8核
619	44312 33311	9	   	248.54	橙4易伤1等级1暴击1攻速	149a易伤24基地爆炸3立即金币4序列升级5等级6暴击7攻速8核
620	44312 33315	10	   	248.54	橙4易伤1等级1暴击1攻速	149a易伤24基地爆炸3立即金币4序列升级5等级6暴击7攻速8核
621	44512 33311	9	   	248.54	橙4易伤1等级1暴击1攻速	149a易伤24基地爆炸3双倍矿4序列升级5等级6暴击7攻速8核
622	33552 23622	2	   	248.47	橙3易伤3时间1攻速	13a时间2攻速46a易伤5最后敌人7雷电8核9a低血量敌人a序列升级
623	33552 23622	1	   	248.47	橙3易伤3时间1攻速	13a时间2攻速46a易伤5最后敌人7雷电8核9a低血量敌人a序列升级
624	41411 22115	6	   	248.46	橙3易伤2伤害1时间1全技能	134易伤24敌人爆炸4序列升级5全技能69伤害7核8双倍物品a时间
625	42213 11522	7	   	248.46	橙3易伤2伤害1时间1全技能	15a易伤2a策反3加一4掉矿6时间7a伤害8核9全技能a序列升级
626	42233 11522	7	   	248.46	橙3易伤2伤害1时间1全技能	14a易伤2a策反3加一5掉矿6时间7a伤害8核9全技能a序列升级
627	42234 41522	7	   	248.46	橙3易伤2伤害1等级1全技能	14a易伤2a策反3加一5等级6挖尘7a伤害8核9全技能a序列升级
628	42244 61522	7	   	248.46	橙3易伤2伤害1等级1全技能	16a易伤2a策反3加一4挖尘5等级7a伤害8核9全技能a序列升级
629	42332 51522	7	   	248.46	橙3易伤2伤害1等级1全技能	14a易伤2a策反3挖尘5加一6等级7a伤害8核9全技能a序列升级
630	31416 34332	10	   	248.44	橙4易伤1时间1暴击1攻速	1时间2敌人爆炸359a易伤4暴击6核7攻速8金币生成
631	41231 33311	10	   	248.44	橙4易伤1等级1暴击1攻速	1459易伤2敌人爆炸3等级6暴击7攻速8核a策反
632	41231 33313	9	   	248.44	橙4易伤1等级1暴击1攻速	1459易伤2a敌人爆炸3等级6暴击7攻速8核
633	41231 33313	10	   	248.44	橙4易伤1等级1暴击1攻速	1459易伤2敌人爆炸3等级6暴击7攻速8核a额外掉落
634	41231 33316	9	   	248.44	橙4易伤1等级1暴击1攻速	1459易伤2敌人爆炸3等级6暴击7攻速8核a额外掉落
635	41231 33361	8	   	248.44	橙4易伤1等级1暴击1攻速	145a易伤29敌人爆炸3等级6暴击7攻速8核
636	41412 33312	10	   	248.44	橙4易伤1等级1暴击1攻速	1349易伤24敌人爆炸4序列升级5等级6暴击7攻速8核a挖尘
637	41412 33314	9	   	248.44	橙4易伤1等级1暴击1攻速1核弹	1349易伤24敌人爆炸4序列升级5等级6暴击7攻速8核a核弹
638	41412 33315	9	   	248.44	橙4易伤1等级1暴击1攻速	1349易伤24敌人爆炸4序列升级5等级6暴击7攻速8核a挖尘
639	41412 33316	10	   	248.44	橙4易伤1等级1暴击1攻速	1349易伤24敌人爆炸4序列升级5等级6暴击7攻速8核a掉矿
640	41452 33311	9	   	248.44	橙4易伤1等级1暴击1攻速	139a易伤24敌人爆炸5等级6暴击7攻速8核
641	41462 33311	9	   	248.44	橙4易伤1等级1暴击1攻速	139a易伤2敌人爆炸4立即金币5等级6暴击7攻速8核
642	44231 33311	10	   	248.44	橙4易伤1等级1暴击1攻速	1459易伤2基地爆炸3等级6暴击7攻速8核a策反
643	44231 33313	10	   	248.44	橙4易伤1等级1暴击1攻速	1459易伤2基地爆炸3等级6暴击7攻速8核a额外掉落
644	44231 33313	9	   	248.44	橙4易伤1等级1暴击1攻速	1459易伤2基地爆炸3等级6暴击7攻速8核a敌人爆炸
645	44231 33316	9	   	248.44	橙4易伤1等级1暴击1攻速	1459易伤2基地爆炸3等级6暴击7攻速8核a额外掉落
646	44412 33312	10	   	248.44	橙4易伤1等级1暴击1攻速	1349易伤24基地爆炸4序列升级5等级6暴击7攻速8核a挖尘
647	41241 33311	9	   	248.44	橙4易伤1等级1暴击1攻速	159a易伤24敌人爆炸3等级6暴击7攻速8核
648	41241 33315	10	   	248.44	橙4易伤1等级1暴击1攻速	159a易伤24敌人爆炸3等级6暴击7攻速8核
649	41411 24333	10	   	248.37	橙4易伤1伤害1攻速1全技能	1347易伤24敌人爆炸4序列升级5全技能6伤害8金币生成9攻速a核
650	41251 13532	10	   	248.36	橙3易伤2暴击1等级1时间1攻速	19a易伤2敌人爆炸3等级48暴击5攻速6时间7核
651	43251 25221	1	   	248.36	橙3易伤1伤害1等级1时间1攻速	16a易伤2攻速3伤害4时间5金币生成7核8掉矿9等级
652	43251 25221	2	   	248.36	橙3易伤1伤害1等级1时间1攻速	16a易伤2攻速3伤害4时间5金币生成7核8掉矿9等级
653	62251 25221	2	   	248.36	橙3易伤1伤害1等级1时间1攻速	1攻速26a易伤3伤害4时间5金币生成7核8掉矿9等级
654	42238 11742	10	   	248.36	橙3易伤2伤害1时间1全技能	14a易伤2策反3加一57伤害6时间8全技能9核
655	45231 33311	10	   	248.34	橙4易伤1等级1暴击1攻速	1459易伤2挖尘3等级6暴击7攻速8核a策反
656	45231 33313	10	   	248.34	橙4易伤1等级1暴击1攻速	1459易伤2挖尘3等级6暴击7攻速8核a额外掉落
657	45231 33313	9	   	248.34	橙4易伤1等级1暴击1攻速	1459易伤2挖尘3等级6暴击7攻速8核a敌人爆炸
658	45231 33316	9	   	248.34	橙4易伤1等级1暴击1攻速	1459易伤2挖尘3等级6暴击7攻速8核a最后敌人
659	41231 33312	10	   	248.34	橙4易伤1等级1暴击1攻速	1459易伤2敌人爆炸3等级6暴击7攻速8核a挖尘
660	41231 33314	9	   	248.34	橙4易伤1等级1暴击1攻速1核弹	1459易伤2敌人爆炸3等级6暴击7攻速8核a核弹
661	41231 33315	9	   	248.34	橙4易伤1等级1暴击1攻速	1459易伤2敌人爆炸3等级6暴击7攻速8核a挖尘
662	41231 33316	10	   	248.34	橙4易伤1等级1暴击1攻速	1459易伤2敌人爆炸3等级6暴击7攻速8核a掉矿
663	44231 33312	10	   	248.34	橙4易伤1等级1暴击1攻速	1459易伤2基地爆炸3等级6暴击7攻速8核a挖尘
664	44231 33314	9	   	248.34	橙4易伤1等级1暴击1攻速1核弹	1459易伤2基地爆炸3等级6暴击7攻速8核a核弹
665	44231 33315	9	   	248.34	橙4易伤1等级1暴击1攻速	1459易伤2基地爆炸3等级6暴击7攻速8核a挖尘
666	44231 33316	10	   	248.34	橙4易伤1等级1暴击1攻速	1459易伤2基地爆炸3等级6暴击7攻速8核a掉矿
667	45312 33311	9	   	248.34	橙4易伤1等级1暴击1攻速	149a易伤24挖尘3立即金币4序列升级5等级6暴击7攻速8核
668	45312 33315	10	   	248.34	橙4易伤1等级1暴击1攻速	149a易伤24挖尘3立即金币4序列升级5等级6暴击7攻速8核
669	45412 33311	10	   	248.34	橙4易伤1等级1暴击1攻速	1349易伤24挖尘4序列升级5等级6暴击7攻速8核a策反
670	45412 33313	9	   	248.34	橙4易伤1等级1暴击1攻速	1349易伤24挖尘4序列升级5等级6暴击7攻速8核a敌人爆炸
671	45412 33313	10	   	248.34	橙4易伤1等级1暴击1攻速	1349易伤24挖尘4序列升级5等级6暴击7攻速8核a额外掉落
672	45512 33311	9	   	248.34	橙4易伤1等级1暴击1攻速	149a易伤24挖尘3双倍矿4序列升级5等级6暴击7攻速8核
673	44411 12212	6	   	248.33	橙4易伤2时间1全技能	134a易伤24a基地爆炸4a序列升级5全技能6矿等7核8敌人爆炸9a时间
674	41412 33314	10	   	248.30	橙4易伤1等级1暴击1攻速1卖塔	1349易伤24敌人爆炸4序列升级5等级6暴击7攻速8核a卖塔
675	43131 55232	9	   	248.27	橙3易伤3时间1攻速	145易伤2攻速3敌人爆炸6雷电7核89a时间
676	62131 55232	9	   	248.27	橙3易伤3时间1攻速	1攻速245易伤3敌人爆炸6雷电7核89a时间
677	41411 22423	6	   	248.27	橙4易伤1伤害1攻速1全技能	1348易伤24敌人爆炸4序列升级5全技能6伤害7核9赏金邻近a攻速
678	45231 33314	9	   	248.24	橙4易伤1等级1暴击1攻速1核弹	1459易伤2挖尘3等级6暴击7攻速8核a核弹
679	45231 33315	9	   	248.24	橙4易伤1等级1暴击1攻速	1459易伤2a挖尘3等级6暴击7攻速8核
680	45231 33316	10	   	248.24	橙4易伤1等级1暴击1攻速	1459易伤2挖尘3等级6暴击7攻速8核a掉矿
681	45234 33311	9	   	248.24	橙4易伤1等级1暴击1攻速	149a易伤25挖尘3等级6暴击7攻速8核
682	41411 12312	6	   	248.23	橙4易伤2时间1全技能	134a易伤24a敌人爆炸4a序列升级5全技能6矿等7核8挖尘9a时间
683	41231 33314	10	   	248.20	橙4易伤1等级1暴击1攻速1卖塔	1459易伤2敌人爆炸3等级6暴击7攻速8核a卖塔
684	44231 33314	10	   	248.20	橙4易伤1等级1暴击1攻速1卖塔	1459易伤2基地爆炸3等级6暴击7攻速8核a卖塔
685	45231 33314	10	   	248.10	橙4易伤1等级1暴击1攻速1卖塔	1459易伤2挖尘3等级6暴击7攻速8核a卖塔
686	31131 31553	10	   	248.03	橙4易伤2时间1全技能	18时间2敌人爆炸3策反467a易伤5全技能9核
687	32131 31553	10	   	248.03	橙4易伤2时间1全技能	18时间2策反3敌人爆炸467a易伤5全技能9核
688	45411 12212	6	   	248.03	橙4易伤2时间1全技能	134a易伤24a挖尘4a序列升级5全技能6矿等7核8敌人爆炸9a时间
689	42631 36321	9	   	247.97	紫4易伤1伤害2暴击1等级1时间	1457易伤27策反3核67暴击7序列升级8等级9伤害a时间
690	36313 11145	7	   	247.89	橙2易伤2伤害2时间2攻速	1a时间2额外掉落3平台4立即金币56伤害7核8a易伤9a攻速a序列升级
691	36313 13145	6	   	247.89	橙2易伤2伤害2时间2攻速	1a时间2额外掉落3平台4立即金币56伤害7核8a易伤9a攻速a序列升级
692	43251 23216	10	   	247.89	橙2易伤2伤害2时间2攻速	18易伤28攻速3平台49时间5基地爆炸68伤害7额外掉落8序列升级a核
693	62251 23216	10	   	247.89	橙2易伤2伤害2时间2攻速	18攻速28易伤3平台49时间5基地爆炸68伤害7额外掉落8序列升级a核
694	43632 21821	5	 * 	247.86	紫4易伤2伤害2攻速1暴击	1468易伤28攻速3核5加一78伤害8序列升级9金币生成a暴击
695	62632 21821	5	   	247.86	紫4易伤2伤害2攻速1暴击	18攻速2468易伤3核5加一78伤害8序列升级9金币生成a暴击
696	33635 63331	8	 * 	247.78	紫3易伤2伤害2攻速2暴击1时间	1时间25攻速3核45a易伤5序列升级67暴击89伤害
697	33635 23613	4	   	247.73	紫4易伤2攻速1伤害1时间2雷电	1时间25攻速3核456a易伤5序列升级78雷电9伤害
698	33635 23613	5	   	247.73	紫4易伤2攻速1伤害1时间2雷电	1时间25攻速3核456a易伤5序列升级78雷电9伤害
699	41412 36213	9	   	247.67	橙4易伤3等级2暴击	1347易伤248敌人爆炸47序列升级579等级67暴击a核
700	41422 41631	5	   	247.67	橙4易伤2等级1伤害	138a易伤28敌人爆炸4随机矿5加一68等级7核8序列升级9伤害
701	42238 32711	9	   	247.67	橙4易伤2等级1伤害	149a易伤29策反3加一5伤害6最后敌人7核89等级9序列升级
702	46241 23221	8	   	247.57	橙4易伤2等级2暴击	189a易伤2额外掉落3掉矿4随机矿59暴击6核79等级9序列升级
703	41412 31123	8	   	247.42	橙4易伤2等级2暴击1全技能1卖塔	1348易伤24敌人爆炸48序列升级58等级68暴击7全技能9卖塔a核
704	33233 31563	2	   	247.34	橙2易伤2伤害2时间1攻速1全技能	18时间2攻速38伤害4基地爆炸59易伤68低血量敌人7核8序列升级a全技能
705	33233 31563	1	   	247.34	橙2易伤2伤害2时间1攻速1全技能	18时间2攻速38伤害4基地爆炸59易伤68低血量敌人7核8序列升级a全技能
706	33243 31563	1	   	247.34	橙2易伤2伤害2时间1攻速1全技能	18时间2攻速38伤害4敌人爆炸59易伤68低血量敌人7核8序列升级a全技能
707	33243 31563	2	   	247.34	橙2易伤2伤害2时间1攻速1全技能	18时间2攻速38伤害4敌人爆炸59易伤68低血量敌人7核8序列升级a全技能
708	43234 15122	1	   	247.34	橙2易伤2伤害2时间1攻速1全技能	1a易伤2攻速3a伤害45基地爆炸6矿等7核8a时间9全技能a序列升级
709	43234 15122	2	   	247.34	橙2易伤2伤害2时间1攻速1全技能	1a易伤2攻速3a伤害45基地爆炸6矿等7核8a时间9全技能a序列升级
710	41231 31123	8	   	247.32	橙4易伤2等级2暴击1全技能1卖塔	1458易伤2敌人爆炸38等级68暴击7全技能8序列升级9卖塔a核
711	41231 36423	8	   	247.32	橙4易伤2等级2暴击1全技能1卖塔	1457易伤2敌人爆炸37等级67暴击7序列升级8全技能9卖塔a核
712	41411 23423	10	   	247.22	橙3易伤1伤害1等级1时间1全技能	134易伤248敌人爆炸4序列升级5全技能6伤害7时间9核a等级
713	31423 13423	5	   	247.22	橙3易伤1伤害1等级1时间1全技能	1时间24敌人爆炸34a易伤4序列升级5额外掉落6伤害7核8全技能9等级
714	45231 31123	8	   	247.22	橙4易伤2等级2暴击1全技能1卖塔	1458易伤2挖尘38等级68暴击7全技能8序列升级9卖塔a核
715	45412 31123	8	   	247.22	橙4易伤2等级2暴击1全技能1卖塔	1348易伤24挖尘48序列升级58等级68暴击7全技能9卖塔a核
716	31422 31115	6	   	247.21	橙3易伤2伤害1时间	1时间245敌人爆炸349易伤4序列升级6核78伤害a雷电
717	41411 22412	5	   	247.20	橙4易伤1等级1暴击1全技能	1348易伤24敌人爆炸4序列升级5全技能6等级7核9暴击a策反
718	41311 22413	5	   	247.20	橙4易伤1等级1暴击1全技能	148a易伤24敌人爆炸3立即金币4序列升级5全技能6等级7核9暴击
719	41511 22413	5	   	247.20	橙4易伤1等级1暴击1全技能	148a易伤24敌人爆炸3双倍矿4序列升级5全技能6等级7核9暴击
720	46333 33124	5	   	247.14	橙5易伤1伤害	1468a易伤2额外掉落3平台5伤害7核9矿等
721	46333 33131	5	   	247.14	橙5易伤1伤害	1468a易伤29额外掉落3平台5伤害7核
722	46333 31261	9	   	247.14	橙5易伤1伤害	1489a易伤2额外掉落3平台5伤害6立即金币7核
723	43211 45122	1	   	247.14	橙2易伤2伤害2时间1攻速1全技能	1a易伤2攻速3a伤害46掉矿5基地爆炸7核8a时间9全技能a序列升级
724	43211 45122	2	   	247.14	橙2易伤2伤害2时间1攻速1全技能	1a易伤2攻速3a伤害46掉矿5基地爆炸7核8a时间9全技能a序列升级
725	43253 21333	1	   	247.14	橙2易伤2伤害2时间1攻速1全技能	15易伤2攻速39伤害48时间6敌人爆炸7核a全技能
726	43253 21333	2	   	247.14	橙2易伤2伤害2时间1攻速1全技能	15易伤2攻速39伤害48时间6敌人爆炸7核a全技能
727	62253 21333	2	   	247.14	橙2易伤2伤害2时间1攻速1全技能	1攻速25易伤39伤害48时间6敌人爆炸7核a全技能
728	31433 13423	5	   	247.12	橙3易伤1伤害1等级1时间1全技能	1时间2敌人爆炸34a易伤5额外掉落6伤害7核8全技能9等级
729	32236 24512	5	   	247.10	橙4易伤1时间1暴击1全技能	1时间25策反3加一4568易伤5序列升级7全技能9暴击a核
730	32236 24512	4	   	247.10	橙4易伤1时间1暴击1全技能	1时间25策反3加一4568易伤5序列升级7全技能9暴击a核
731	41412 31522	9	   	247.10	橙4易伤1等级1暴击1全技能	1348易伤24敌人爆炸4序列升级5等级6暴击7全技能9加一a核
732	31416 36233	6	   	247.09	橙2易伤2时间1伤害1等级1暴击	1a时间2敌人爆炸35易伤4暴击6核7雷电8等级9伤害
733	41431 32513	7	   	247.08	橙3易伤2攻速1时间2雷电1全技能	138易伤2敌人爆炸4全技能58雷电6平台78攻速8序列升级9时间a核
734	42231 35814	9	   	247.01	橙3易伤2伤害1时间	145易伤2策反3加一6a伤害7雷电8核9时间
735	41231 31522	9	   	247.00	橙4易伤1等级1暴击1全技能	1458易伤2敌人爆炸3等级6暴击7全技能9加一a核
736	41232 24512	5	   	247.00	橙4易伤1等级1暴击1全技能	1468易伤2敌人爆炸3等级5加一7全技能9暴击a核
737	44231 31522	9	   	247.00	橙4易伤1等级1暴击1全技能	1458易伤2基地爆炸3等级6暴击7全技能9加一a核
738	44232 24512	5	   	247.00	橙4易伤1等级1暴击1全技能	1468易伤2基地爆炸3等级5加一7全技能9暴击a核
739	43131 55113	7	   	246.91	橙4易伤1伤害1攻速	145a易伤2攻速3敌人爆炸6雷电7核8立即金币9伤害
740	43131 55311	8	   	246.91	橙4易伤1伤害1攻速	1458易伤2攻速3敌人爆炸6雷电7核9伤害a低血量敌人
741	43131 56112	10	   	246.91	橙4易伤1伤害1攻速	145a易伤2攻速3敌人爆炸6雷电7伤害8双倍矿9核
742	43131 56113	9	   	246.91	橙4易伤1伤害1攻速	145a易伤2攻速3敌人爆炸6雷电7伤害8双倍矿9核
743	62131 55113	7	   	246.91	橙4易伤1伤害1攻速	1攻速245a易伤3敌人爆炸6雷电7核8立即金币9伤害
744	62131 55311	8	   	246.91	橙4易伤1伤害1攻速	1攻速2458易伤3敌人爆炸6雷电7核9伤害a低血量敌人
745	62131 56112	10	   	246.91	橙4易伤1伤害1攻速	1攻速245a易伤3敌人爆炸6雷电7伤害8双倍矿9核
746	62131 56113	9	   	246.91	橙4易伤1伤害1攻速	1攻速245a易伤3敌人爆炸6雷电7伤害8双倍矿9核
747	45231 31522	9	   	246.90	橙4易伤1等级1暴击1全技能	1458易伤2挖尘3等级6暴击7全技能9加一a核
748	45232 24512	5	   	246.90	橙4易伤1等级1暴击1全技能	1468易伤2挖尘3等级5加一7全技能9暴击a核
749	33135 66233	9	   	246.87	橙2易伤3时间1伤害1暴击1攻速	157时间2攻速3敌人爆炸45易伤5序列升级6暴击8核9伤害a立即金币
750	33135 66233	10	   	246.87	橙2易伤3时间1伤害1暴击1攻速	157时间2攻速3敌人爆炸45易伤5序列升级6暴击8核9伤害a立即金币
751	36352 43113	7	   	246.85	橙2易伤2伤害2攻速1时间1暴击	1时间2额外掉落3平台46攻速56易伤6序列升级7暴击8核9a伤害
752	32234 31136	10	   	246.80	橙3易伤2时间2等级1攻速	17时间2策反3加一478易伤57等级6额外掉落7序列升级9核a攻速
753	33135 41331	4	   	246.80	橙3易伤2时间1伤害1攻速	15时间2攻速3敌人爆炸45a易伤5序列升级6掉矿7核8立即金币9伤害
754	33135 41331	5	   	246.80	橙3易伤2时间1伤害1攻速	15时间2攻速3敌人爆炸45a易伤5序列升级6掉矿7核8立即金币9伤害
755	42284 31136	10	   	246.80	橙3易伤2时间2等级1攻速	178易伤2策反3加一47时间57等级6额外掉落7序列升级9核a攻速
756	43231 25161	1	   	246.80	橙3易伤2时间1伤害1攻速	16a易伤2攻速3伤害4基地爆炸5金币生成7核89时间
757	43231 25161	2	   	246.80	橙3易伤2时间1伤害1攻速	16a易伤2攻速3伤害4基地爆炸5金币生成7核89时间
758	43233 15161	2	   	246.80	橙3易伤2时间1伤害1攻速	15a易伤2攻速3伤害4基地爆炸6矿等7核89时间
759	43233 15161	1	   	246.80	橙3易伤2时间1伤害1攻速	15a易伤2攻速3伤害4基地爆炸6矿等7核89时间
760	43251 25111	2	   	246.80	橙3易伤2时间1伤害1攻速	16a易伤2攻速3伤害48时间5金币生成7核9敌人爆炸
761	43251 25111	1	   	246.80	橙3易伤2时间1伤害1攻速	16a易伤2攻速3伤害48时间5金币生成7核9敌人爆炸
762	43251 36321	2	   	246.80	橙3易伤2时间1伤害1攻速	17a易伤2攻速3伤害49时间5金币生成6最后敌人8核
763	43251 36321	1	   	246.80	橙3易伤2时间1伤害1攻速	17a易伤2攻速3伤害49时间5金币生成6最后敌人8核
764	43253 15111	2	   	246.80	橙3易伤2时间1伤害1攻速	15a易伤2攻速3伤害48时间6矿等7核9敌人爆炸
765	43253 15111	1	   	246.80	橙3易伤2时间1伤害1攻速	15a易伤2攻速3伤害48时间6矿等7核9敌人爆炸
766	43253 21261	1	   	246.80	橙3易伤2时间1伤害1攻速	15a易伤2攻速3伤害49时间6敌人爆炸7核8金币生成
767	43253 21261	2	   	246.80	橙3易伤2时间1伤害1攻速	15a易伤2攻速3伤害49时间6敌人爆炸7核8金币生成
768	43253 21311	1	   	246.80	橙3易伤2时间1伤害1攻速	15a易伤2攻速3伤害48时间6敌人爆炸7核9金币生成
769	43253 21311	2	   	246.80	橙3易伤2时间1伤害1攻速	15a易伤2攻速3伤害48时间6敌人爆炸7核9金币生成
770	43253 21341	2	   	246.80	橙3易伤2时间1伤害1攻速	159易伤2攻速3伤害48时间6敌人爆炸7核a基地爆炸
771	43253 21341	1	   	246.80	橙3易伤2时间1伤害1攻速	159易伤2攻速3伤害48时间6敌人爆炸7核a基地爆炸
772	62231 25161	2	   	246.80	橙3易伤2时间1伤害1攻速	1攻速26a易伤3伤害4基地爆炸5金币生成7核89时间
773	62233 15161	2	   	246.80	橙3易伤2时间1伤害1攻速	1攻速25a易伤3伤害4基地爆炸6矿等7核89时间
774	62251 25111	2	   	246.80	橙3易伤2时间1伤害1攻速	1攻速26a易伤3伤害48时间5金币生成7核9敌人爆炸
775	62251 36321	2	   	246.80	橙3易伤2时间1伤害1攻速	1攻速27a易伤3伤害49时间5金币生成6最后敌人8核
776	62253 15111	2	   	246.80	橙3易伤2时间1伤害1攻速	1攻速25a易伤3伤害48时间6矿等7核9敌人爆炸
777	62253 21261	2	   	246.80	橙3易伤2时间1伤害1攻速	1攻速25a易伤3伤害49时间6敌人爆炸7核8金币生成
778	62253 21311	2	   	246.80	橙3易伤2时间1伤害1攻速	1攻速25a易伤3伤害48时间6敌人爆炸7核9金币生成
779	62253 21341	2	   	246.80	橙3易伤2时间1伤害1攻速	1攻速259易伤3伤害48时间6敌人爆炸7核a基地爆炸
780	33135 66223	10	   	246.77	橙2易伤3时间1伤害1暴击1攻速	157时间2攻速3敌人爆炸45易伤5序列升级6暴击8核9加一a伤害
781	33255 15113	1	   	246.77	橙2易伤3时间1伤害1暴击1攻速	148时间2攻速3伤害59易伤6矿等7核a暴击
782	33255 15113	2	   	246.77	橙2易伤3时间1伤害1暴击1攻速	148时间2攻速3伤害59易伤6矿等7核a暴击
783	33313 63224	8	   	246.71	橙3易伤2时间2攻速1全技能	1a时间2a攻速3低血量敌人4掉矿58a易伤6额外掉落7全技能9核a序列升级
784	33313 63224	7	   	246.71	橙3易伤2时间2攻速1全技能	1a时间2a攻速3低血量敌人4掉矿58a易伤6额外掉落7全技能9核a序列升级
785	43133 11622	6	   	246.71	橙3易伤2时间2攻速1全技能	14a易伤2a攻速3敌人爆炸5掉矿6a时间7核8随机矿9全技能a序列升级
786	62133 11622	6	   	246.71	橙3易伤2时间2攻速1全技能	1a攻速24a易伤3敌人爆炸5掉矿6a时间7核8随机矿9全技能a序列升级
787	33135 24214	4	   	246.70	橙3易伤2时间2暴击1攻速	15时间2攻速3敌人爆炸456易伤5序列升级78暴击9赏金塔a核
788	33135 24214	5	   	246.70	橙3易伤2时间2暴击1攻速	15时间2攻速3敌人爆炸456易伤5序列升级78暴击9赏金塔a核
789	33212 26321	1	   	246.70	橙3易伤2时间1伤害1攻速	19时间2攻速3伤害4掉矿5最后敌人67a易伤8核
790	33212 26321	2	   	246.70	橙3易伤2时间1伤害1攻速	19时间2攻速3伤害4掉矿5最后敌人67a易伤8核
791	36263 16321	1	   	246.70	橙3易伤2时间1伤害1攻速	19时间2掉矿3伤害4最后敌人57a易伤6攻速8核
792	42238 12311	9	   	246.70	橙3易伤2时间1伤害1攻速	14a易伤2策反3加一5伤害68时间7核9攻速
793	42238 12316	10	   	246.70	橙3易伤2时间1伤害1攻速	14a易伤2策反3加一5伤害68时间7核9攻速
794	43133 11431	6	   	246.70	橙3易伤2时间1伤害1攻速	14a易伤2攻速3敌人爆炸5掉矿68时间7核9伤害
795	43211 25161	1	   	246.70	橙3易伤2时间1伤害1攻速	16a易伤2攻速3伤害4掉矿5基地爆炸7核89时间
796	43211 25161	2	   	246.70	橙3易伤2时间1伤害1攻速	16a易伤2攻速3伤害4掉矿5基地爆炸7核89时间
797	43212 25121	2	   	246.70	橙3易伤2时间1伤害1攻速	16a易伤2攻速3伤害4掉矿5最后敌人7核89时间
798	43212 25121	1	   	246.70	橙3易伤2时间1伤害1攻速	16a易伤2攻速3伤害4掉矿5最后敌人7核89时间
799	43251 24141	1	   	246.70	橙3易伤2时间1伤害1攻速	16a易伤2攻速3伤害48时间5金币生成7加一9核
800	43251 24141	2	   	246.70	橙3易伤2时间1伤害1攻速	16a易伤2攻速3伤害48时间5金币生成7加一9核
801	43251 25122	2	   	246.70	橙3易伤2时间1伤害1攻速	16a易伤2攻速3伤害48时间5金币生成7核9赏金塔
802	43251 25122	1	   	246.70	橙3易伤2时间1伤害1攻速	16a易伤2攻速3伤害48时间5金币生成7核9赏金塔
803	43253 15122	2	   	246.70	橙3易伤2时间1伤害1攻速	15a易伤2攻速3伤害48时间6矿等7核9赏金邻近
804	43253 15122	1	   	246.70	橙3易伤2时间1伤害1攻速	15a易伤2攻速3伤害48时间6矿等7核9赏金邻近
805	43253 21342	2	   	246.70	橙3易伤2时间1伤害1攻速	159易伤2攻速3伤害48时间6敌人爆炸7核a挖青
806	43253 21342	1	   	246.70	橙3易伤2时间1伤害1攻速	159易伤2攻速3伤害48时间6敌人爆炸7核a挖青
807	43513 21431	1	   	246.70	橙3易伤2时间1伤害1攻速	15a易伤2攻速38时间4掉矿6敌人爆炸7核9伤害
808	43513 21431	2	   	246.70	橙3易伤2时间1伤害1攻速	15a易伤2攻速38时间4掉矿6敌人爆炸7核9伤害
809	62133 11431	6	   	246.70	橙3易伤2时间1伤害1攻速	1攻速24a易伤3敌人爆炸5掉矿68时间7核9伤害
810	62211 25161	2	   	246.70	橙3易伤2时间1伤害1攻速	1攻速26a易伤3伤害4掉矿5基地爆炸7核89时间
811	62212 25121	2	   	246.70	橙3易伤2时间1伤害1攻速	1攻速26a易伤3伤害4掉矿5最后敌人7核89时间
812	62251 24141	2	   	246.70	橙3易伤2时间1伤害1攻速	1攻速26a易伤3伤害48时间5金币生成7加一9核
813	62251 25122	2	   	246.70	橙3易伤2时间1伤害1攻速	1攻速26a易伤3伤害48时间5金币生成7核9赏金塔
814	62253 15122	2	   	246.70	橙3易伤2时间1伤害1攻速	1攻速25a易伤3伤害48时间6矿等7核9赏金邻近
815	62253 21342	2	   	246.70	橙3易伤2时间1伤害1攻速	1攻速259易伤3伤害48时间6敌人爆炸7核a挖青
816	62513 21431	2	   	246.70	橙3易伤2时间1伤害1攻速	1攻速25a易伤38时间4掉矿6敌人爆炸7核9伤害
817	64212 26321	1	   	246.70	橙3易伤2时间1伤害1攻速	1攻速29时间3伤害4掉矿5最后敌人67a易伤8核
818	64212 26321	2	   	246.70	橙3易伤2时间1伤害1攻速	1攻速29时间3伤害4掉矿5最后敌人67a易伤8核
819	41251 22214	5	 * 	246.67	橙2易伤2伤害2等级2暴击1攻速	17易伤2敌人爆炸37等级48暴击5攻速67伤害7序列升级9赏金塔a核
820	41252 22214	4	   	246.67	橙2易伤2伤害2等级2暴击1攻速	17易伤2敌人爆炸37等级48暴击5攻速67伤害7序列升级9赏金塔a核
821	31435 61311	3	   	246.63	橙2易伤3时间3攻速1暴击	156时间2敌人爆炸37易伤456攻速56序列升级8暴击9随机矿a核
822	31635 61311	2	   	246.63	橙2易伤3时间3攻速1暴击	156时间2敌人爆炸37易伤456攻速56序列升级8暴击9随机矿a核
823	43631 12341	5	   	246.62	紫4易伤2攻速1伤害1时间1暴击	1457易伤27攻速3核67金币生成7序列升级8伤害9暴击a时间
824	43631 12351	5	   	246.62	紫4易伤2攻速1伤害1时间1暴击	1457易伤27攻速3核67金币生成7序列升级8伤害9时间a暴击
825	62631 12341	5	   	246.62	紫4易伤2攻速1伤害1时间1暴击	17攻速2457易伤3核67金币生成7序列升级8伤害9暴击a时间
826	62631 12351	5	   	246.62	紫4易伤2攻速1伤害1时间1暴击	17攻速2457易伤3核67金币生成7序列升级8伤害9时间a暴击
827	36111 32573	3	   	246.61	橙3易伤2时间2攻速1全技能	17时间2额外掉落3挖尘4加一579易伤67攻速7序列升级8全技能a核
828	33331 66231	10	 * 	246.58	橙3时间1易伤2攻速1伤害2暴击1等级	147时间27攻速3低血量敌人5易伤67暴击7序列升级8核9伤害a等级
829	42231 62642	8	   	246.58	橙4易伤2时间	1457易伤2策反3加一6雷电8核9a时间
830	31466 22132	10	   	246.55	橙3易伤2时间1伤害1攻速1卖塔	18时间2敌人爆炸35a易伤4卖塔6伤害7核9攻速
831	43131 55313	9	   	246.39	橙5易伤1攻速	14589易伤2攻速3敌人爆炸6雷电7核a平台
832	62131 55313	9	   	246.39	橙5易伤1攻速	1攻速24589易伤3敌人爆炸6雷电7核a平台
833	43631 62313	5	   	246.35	紫4易伤2攻速2等级1伤害1全技能	1457易伤27攻速3核67等级7序列升级8伤害9随机矿a全技能
834	62631 62313	5	   	246.35	紫4易伤2攻速2等级1伤害1全技能	17攻速2457易伤3核67等级7序列升级8伤害9随机矿a全技能
835	43131 55312	10	   	246.29	橙5易伤1攻速	14589易伤2攻速3敌人爆炸6雷电7核a双倍物品
836	43131 55312	9	   	246.29	橙5易伤1攻速	14589易伤2攻速3敌人爆炸6雷电7核a赏金塔
837	62131 55312	9	   	246.29	橙5易伤1攻速	1攻速24589易伤3敌人爆炸6雷电7核a赏金塔
838	62131 55312	10	   	246.29	橙5易伤1攻速	1攻速24589易伤3敌人爆炸6雷电7核a双倍物品
