0	Index      	Bounty	 *	Score 	Summary	Detail	
1	53324 22413	7	 * 	292.37	橙4易伤2伤害2时间1等级	1敌人爆炸2359易伤45时间5序列升级6等级7核8a伤害
2	25153 12252	5	   	292.37	橙4易伤2伤害2时间1等级	15时间2随机矿3459易伤5序列升级6等级78伤害a核
3	25153 22224	6	 * 	291.78	橙4易伤3伤害2时间	15时间2随机矿3458易伤5序列升级679伤害a核
4	25133 63352	7	 * 	291.60	橙5易伤3时间2等级	179时间2随机矿3579a易伤457敌人爆炸579序列升级6核89等级
5	11262 44131	7	 * 	291.37	橙3易伤3时间2伤害1等级	168易伤2额外掉落389时间4等级5雷电78伤害8序列升级a核
6	23234 32332	9	 * 	289.75	橙4易伤3时间2伤害	137时间257a低血量敌人457a易伤57a序列升级6平台8a伤害9核
7	23234 32462	8	   	289.75	橙4易伤3时间2伤害	137时间257a低血量敌人457a易伤57a序列升级6平台8核9a伤害
8	23233 32332	9	   	289.65	橙4易伤3时间2伤害	137时间27a低血量敌人457a易伤6平台7a序列升级8a伤害9核
9	23233 32462	8	   	289.65	橙4易伤3时间2伤害	137时间27a低血量敌人457a易伤6平台7a序列升级8核9a伤害
10	26333 32332	9	   	289.65	橙4易伤3时间2伤害	17a时间247最后敌人357a易伤6平台7a序列升级8a伤害9核
11	26333 32462	8	   	289.65	橙4易伤3时间2伤害	17a时间247最后敌人357a易伤6平台7a序列升级8核9a伤害
12	26363 42332	9	   	289.65	橙4易伤3时间2伤害	17a时间257最后敌人367a易伤4平台7a序列升级8a伤害9核
13	16233 32332	9	   	289.65	橙4易伤3时间2伤害	157a易伤247最后敌人37a时间6平台7a序列升级8a伤害9核
14	16233 32462	8	   	289.65	橙4易伤3时间2伤害	157a易伤247最后敌人37a时间6平台7a序列升级8核9a伤害
15	16263 42332	9	   	289.65	橙4易伤3时间2伤害	167a易伤257最后敌人37a时间4平台7a序列升级8a伤害9核
16	24324 32332	9	   	289.45	橙4易伤3时间2伤害	17a时间257挖尘357a易伤4双倍矿57a序列升级6平台8a伤害9核
17	24434 32332	9	   	289.45	橙4易伤3时间2伤害	17a时间257挖尘3双倍矿457a易伤57a序列升级6平台8a伤害9核
18	14325 32332	9	   	289.35	橙4易伤3时间2伤害	137a易伤257挖尘47a时间6平台7a序列升级8a伤害9核
19	13224 14126	1	 * 	287.25	橙4易伤3伤害3暴击	157a易伤2基地爆炸37a伤害467暴击7a序列升级8a最后敌人9核
20	13224 14126	2	   	287.25	橙4易伤3伤害3暴击	157a易伤2低血量敌人37a伤害467暴击7a序列升级8a最后敌人9核
21	13224 14326	2	   	287.05	橙4易伤3伤害3暴击	157a易伤2低血量敌人37a伤害467暴击7a序列升级8a挖尘9核
22	12112 63636	10	 * 	286.81	橙4易伤2时间3等级1伤害	167a易伤2雷电37时间467等级5挖青67序列升级8伤害9核
23	25133 63351	7	   	283.07	橙4易伤3时间2等级1攻速	179时间2随机矿3579易伤457敌人爆炸579序列升级6核89等级a攻速
24	12115 63224	4	   	282.99	橙4易伤2时间1伤害1等级	1679易伤2雷电35时间4等级8核a伤害
25	22215 63224	4	   	282.99	橙4易伤2时间1伤害1等级	15时间2雷电3679易伤4等级8核a伤害
26	53324 23633	5	   	281.85	橙4易伤2时间1伤害1暴击1全技能	1敌人爆炸2358易伤45时间5序列升级6全技能7暴击9核a伤害
27	25153 21141	9	   	281.77	橙3易伤3时间2伤害2雷电	158时间2随机矿345易伤58序列升级68伤害78雷电9额外掉落a核
28	13263 23255	1	 * 	280.68	橙5易伤3伤害	1578a易伤24a基地爆炸34a伤害4a序列升级6随机矿9核
29	12112 13152	10	   	279.97	橙4易伤3时间2等级	1679易伤2雷电378时间47等级5挖青7序列升级a核
30	22212 13152	10	   	279.97	橙4易伤3时间2等级	178时间2雷电3679易伤47等级5挖青7序列升级a核
31	22523 43151	9	 * 	279.83	橙4易伤3时间2暴击1卖塔	178时间2雷电3卖塔47暴击579a易伤6核7序列升级
32	22261 16621	2	 * 	279.02	橙3易伤3时间3雷电1等级1暴击	178时间278雷电3金币生成4赏金塔5暴击678易伤78序列升级9核a等级
33	22361 16621	3	   	279.02	橙3易伤3时间3雷电1等级1暴击	178时间278雷电3金币生成4赏金塔5暴击678易伤78序列升级9核a等级
34	53324 23632	5	   	278.03	橙4易伤2时间1等级1暴击1全技能	1敌人爆炸2358易伤45时间5序列升级6全技能7暴击9核a等级
35	25153 41321	5	 * 	277.80	橙4易伤3时间3暴击	158时间2随机矿3458易伤58序列升级6赏金邻近78a暴击9核
36	25153 61321	5	   	277.80	橙4易伤3时间3暴击	158时间2随机矿3458易伤58序列升级6赏金塔78a暴击9核
37	13263 13254	1	   	277.79	橙4易伤2伤害1等级1时间	1578易伤24基地爆炸34伤害4序列升级6等级9核a时间
38	15126 32252	3	   	277.69	橙4易伤2伤害1等级1时间	1479易伤2随机矿3等级58伤害6时间a核
39	53326 22413	7	   	277.69	橙4易伤2伤害1等级1时间	1敌人爆炸2359易伤4时间6等级7核8a伤害
40	52163 13124	3	   	277.19	橙4易伤3伤害1等级	18敌人爆炸249伤害3457易伤4序列升级6等级a核
41	52163 13324	3	   	277.19	橙4易伤3伤害1等级	1敌人爆炸249伤害3457易伤4序列升级6等级8立即金币a核
42	53263 13124	2	   	277.19	橙4易伤3伤害1等级	18敌人爆炸2457易伤349伤害4序列升级6等级a核
43	53263 13324	2	   	277.19	橙4易伤3伤害1等级	1敌人爆炸2457易伤349伤害4序列升级6等级8立即金币a核
44	13263 13224	1	   	277.19	橙4易伤3伤害1等级	1578易伤24基地爆炸349伤害4序列升级6等级a核
45	13426 12224	2	   	277.09	橙4易伤3伤害1等级	1348易伤2低血量敌人579伤害6等级a核
46	13426 12224	1	   	277.09	橙4易伤3伤害1等级	1348易伤2基地爆炸579伤害6等级a核
47	14326 12224	3	   	276.99	橙4易伤3伤害1等级	1348易伤2挖尘579伤害6等级a核
48	13223 73245	4	   	276.37	橙3易伤3时间2伤害1全技能	19a易伤2低血量敌人36a时间4全技能5加一7a伤害8核a序列升级
49	21212 32236	9	   	276.37	橙3易伤3时间2伤害1全技能	134时间2额外掉落5a伤害67a易伤8全技能9核a序列升级
50	23243 28245	7	   	276.37	橙3易伤3时间2伤害1全技能	13a时间2低血量敌人4a伤害5加一69a易伤7全技能8核a序列升级
51	26334 16232	6	   	276.32	橙4易伤2伤害2时间	1a时间245最后敌人359a易伤5a序列升级6平台7核8a伤害
52	25132 63413	7	   	276.22	橙4易伤2伤害2时间	17时间2随机矿3579易伤47敌人爆炸6核7序列升级8a伤害
53	25153 22252	6	   	276.12	橙4易伤2伤害2时间	15时间2随机矿3458易伤5序列升级67伤害9核a基地爆炸
54	53324 12252	6	   	276.12	橙4易伤2伤害2时间	16敌人爆炸2359易伤45时间5序列升级78伤害a核
55	25153 12252	6	   	276.02	橙4易伤2伤害2时间	15时间2随机矿3459易伤5序列升级6掉矿78伤害a核
56	25153 22232	6	   	276.02	橙4易伤2伤害2时间	15时间2随机矿3458易伤5序列升级67伤害9掉矿a核
57	25153 22253	6	   	276.02	橙4易伤2伤害2时间	15时间2随机矿3458易伤5序列升级67伤害9核a掉矿
58	25153 32413	7	   	276.02	橙4易伤2伤害2时间	15时间2随机矿3459易伤5序列升级6挖尘7核8a伤害
59	25153 22251	6	   	275.88	橙4易伤2伤害2时间1卖塔	15时间2随机矿3458易伤5序列升级67伤害9核a卖塔
60	12112 63633	10	   	275.17	橙3易伤2时间3等级1伤害1攻速	167易伤2雷电37时间467等级5挖青67序列升级8伤害9核a攻速
61	12143 63224	4	   	274.96	橙4易伤1伤害1等级1时间2雷电	1679易伤24雷电3时间5等级8核a伤害
62	22243 63224	4	   	274.96	橙4易伤1伤害1等级1时间2雷电	1时间24雷电3679易伤5等级8核a伤害
63	12116 63224	5	   	274.96	橙4易伤1伤害1等级1时间2雷电	1679易伤25雷电3时间4等级8核a伤害
64	22216 63224	5	   	274.96	橙4易伤1伤害1等级1时间2雷电	1时间25雷电3679易伤4等级8核a伤害
65	12431 64321	1	   	274.93	橙3易伤3时间1伤害1等级1全技能	16a易伤2全技能359时间4伤害7核8等级
66	25132 63116	7	   	274.89	橙4易伤2时间1伤害1等级	17时间2随机矿3579易伤47敌人爆炸6核7序列升级8等级a伤害
67	25153 14222	5	   	274.79	橙4易伤2时间1伤害1等级	15时间27随机矿3458易伤5序列升级6等级9伤害a核
68	25153 22222	5	   	274.79	橙4易伤2时间1伤害1等级	15时间26随机矿3458易伤5序列升级7等级9伤害a核
69	25153 52222	6	   	274.79	橙4易伤2时间1伤害1等级	15时间2随机矿3458易伤5序列升级6立即金币7等级9伤害a核
70	53324 22116	8	   	274.79	橙4易伤2时间1伤害1等级	1敌人爆炸2359易伤45时间5序列升级6等级7核8金币生成a伤害
71	53324 22323	10	   	274.79	橙4易伤2时间1伤害1等级	18敌人爆炸2359易伤45时间5序列升级6等级7核a伤害
72	53324 22431	7	   	274.79	橙4易伤2时间1伤害1等级	1敌人爆炸235a易伤45时间5序列升级6等级7核8伤害9基地爆炸
73	25153 32116	7	   	274.69	橙4易伤2时间1伤害1等级	15时间2随机矿3459易伤5序列升级6挖尘7核8等级a伤害
74	53324 22411	7	   	274.69	橙4易伤2时间1伤害1等级	1敌人爆炸2359易伤45时间5序列升级6等级7核8伤害a赏金邻近
75	53324 22412	7	   	274.69	橙4易伤2时间1伤害1等级	1敌人爆炸2359易伤45时间5序列升级6等级7核8伤害a加一
76	53326 22523	10	   	274.69	橙4易伤2时间1伤害1等级	1敌人爆炸2359易伤48时间6等级7核a伤害
77	25132 63113	7	   	274.36	橙5易伤2时间1等级	17时间2随机矿3579a易伤47敌人爆炸6核7序列升级8等级
78	25142 63113	7	   	274.36	橙5易伤2时间1等级	17时间2随机矿3579a易伤47基地爆炸6核7序列升级8等级
79	25362 63113	7	   	274.36	橙5易伤2时间1等级	17时间2随机矿37基地爆炸4579a易伤6核7序列升级8等级
80	53324 22113	8	   	274.26	橙5易伤2时间1等级	1敌人爆炸2359a易伤45时间5序列升级6等级7核8金币生成
81	53324 22153	9	   	274.26	橙5易伤2时间1等级	1敌人爆炸2359a易伤45时间5序列升级6等级7核8金币生成
82	53324 22233	7	   	274.26	橙5易伤2时间1等级	1敌人爆炸2359a易伤45时间5序列升级6等级7核8基地爆炸
83	53324 22613	8	   	274.26	橙5易伤2时间1等级	1敌人爆炸2359a易伤45时间5序列升级6等级7核8策反
84	53324 42113	7	   	274.26	橙5易伤2时间1等级	1敌人爆炸2359a易伤45时间5序列升级6金币生成7核8等级
85	25153 32113	7	   	274.16	橙5易伤2时间1等级	15时间2随机矿3459a易伤5序列升级6挖尘7核8等级
86	14343 13348	9	   	273.70	橙4易伤2伤害2雷电1暴击	137a易伤2挖尘47伤害5加一67雷电7序列升级8核9暴击
87	14343 13348	8	   	273.70	橙4易伤2伤害2雷电1暴击	137a易伤2挖尘47伤害5加一67雷电7序列升级8核9暴击
88	53324 22211	9	   	273.68	橙3易伤3时间1伤害1等级	1敌人爆炸235易伤459时间5序列升级6等级7核8雷电a伤害
89	16233 32452	9	 * 	273.21	橙4易伤3时间2攻速	157a易伤247最后敌人37a时间6平台7a序列升级8核9a攻速
90	26333 32452	9	   	273.21	橙4易伤3时间2攻速	17a时间247最后敌人357a易伤6平台7a序列升级8核9a攻速
91	53324 22233	8	   	272.69	橙4易伤2时间1等级1全技能	1敌人爆炸235a易伤45时间5序列升级6等级7核8雷电9全技能
92	53324 22633	7	   	272.69	橙4易伤2时间1等级1全技能	1敌人爆炸235a易伤45时间5序列升级6等级7核8雷电9全技能
93	13225 16126	1	 * 	272.61	橙3易伤2伤害2等级1时间1暴击	168易伤28基地爆炸37伤害4暴击58等级8序列升级9时间a核
94	22231 43625	8	   	272.53	橙3易伤3时间2攻速1暴击	17a时间2雷电37a易伤47策反5立即金币6核7a序列升级8暴击9a攻速
95	12131 43625	8	   	272.53	橙3易伤3时间2攻速1暴击	17a易伤2雷电37a时间47策反5立即金币6核7a序列升级8暴击9a攻速
96	25133 63353	7	   	271.96	橙4易伤3时间2等级	179时间2随机矿3579易伤457敌人爆炸579序列升级6核89等级a赏金邻近
97	23233 32466	10	   	271.86	橙4易伤3时间1伤害	137时间27低血量敌人4579易伤6平台7序列升级8核a伤害
98	25153 41322	5	   	271.76	橙4易伤3时间2暴击	158时间2随机矿3458易伤58序列升级6赏金邻近78暴击9核a平台
99	25153 61322	5	   	271.76	橙4易伤3时间2暴击	158时间2随机矿3458易伤58序列升级6赏金塔78暴击9核a平台
100	25153 41323	5	   	271.66	橙4易伤3时间2暴击	158时间2随机矿3458易伤58序列升级6赏金邻近78暴击9核a挖尘
101	25153 61323	5	   	271.66	橙4易伤3时间2暴击	158时间2随机矿3458易伤58序列升级6赏金塔78暴击9核a挖尘
102	25133 63252	7	   	271.64	橙5易伤3时间	179时间2随机矿3579a易伤457敌人爆炸579序列升级6核89金币生成
103	25133 63152	8	   	271.54	橙5易伤3时间	17a时间2随机矿3579a易伤457敌人爆炸57a序列升级6核8平台
104	23233 32444	8	   	271.44	橙5易伤3时间	137时间279低血量敌人4579a易伤6平台79序列升级8核
105	25133 63152	7	   	271.44	橙5易伤3时间	179时间2随机矿3579a易伤457敌人爆炸579序列升级6核89掉矿
106	23233 32464	9	   	271.34	橙5易伤3时间	137时间27低血量敌人4579a易伤6平台7序列升级8核
107	11227 84322	7	   	271.24	橙5易伤3时间	1568a易伤27额外掉落356时间4加一568序列升级9核
108	11227 84322	6	   	271.24	橙5易伤3时间	1568a易伤2额外掉落356时间4加一568序列升级7立即金币9核
109	12433 26245	1	   	271.20	橙4易伤2伤害1时间1全技能	159a易伤2全技能3时间4a伤害6加一7a低血量敌人8核a序列升级
110	12133 24852	10	 * 	271.08	橙3易伤3时间3等级1暴击	18a易伤2雷电38a时间4策反5暴击6加一78a等级8a序列升级9核
111	22233 24852	10	   	271.08	橙3易伤3时间3等级1暴击	18a时间2雷电38a易伤4策反5暴击6加一78a等级8a序列升级9核
112	22215 44131	7	   	271.01	橙2易伤3时间2伤害1等级2雷电	189时间28雷电36易伤4等级5额外掉落78伤害8序列升级a核
113	12433 21245	1	   	271.00	橙4易伤2伤害1时间1全技能	159a易伤2全技能3时间4a伤害6加一7a挖尘8核a序列升级
114	12112 63633	9	   	270.71	橙3易伤2时间3等级1伤害2雷电	167易伤2a雷电37时间467等级5挖青67序列升级8伤害9核
115	11227 78313	9	   	269.83	橙3易伤2伤害2时间1等级	159易伤2额外掉落35时间4加一59序列升级69最后敌人79伤害8核a等级
116	11227 78343	8	   	269.83	橙3易伤2伤害2时间1等级	159易伤2额外掉落35时间4加一59序列升级69最后敌人79伤害8核a等级
117	25153 12222	5	   	269.73	橙3易伤2伤害2时间1等级	15时间29随机矿345易伤5序列升级6等级78伤害a核
118	51224 22413	7	   	269.73	橙3易伤2伤害2时间1等级	1敌人爆炸2立即金币359易伤45时间5序列升级6等级7核8a伤害
119	53324 22423	7	   	269.73	橙3易伤2伤害2时间1等级	1敌人爆炸235易伤45时间5序列升级6等级7核8a伤害9金币生成
120	53324 22521	7	   	269.73	橙3易伤2伤害2时间1等级	1敌人爆炸235易伤45时间5序列升级6等级7核8额外掉落9a伤害
121	25163 12252	3	   	269.73	橙3易伤2伤害2时间1等级	14时间25随机矿349易伤4序列升级6等级78伤害a核
122	14343 13315	10	   	269.71	橙4易伤2伤害2雷电1全技能	137a易伤2挖尘47伤害5加一67雷电7序列升级8核9全技能
123	13416 16213	1	   	269.63	橙3易伤2伤害2时间1等级	139易伤2基地爆炸48时间5a伤害6等级7核
124	25153 24221	10	   	269.54	橙4易伤2时间1伤害1攻速	15时间2随机矿3459易伤5序列升级6伤害7攻速8低血量敌人a核
125	52336 23511	7	   	269.34	橙3易伤3伤害2时间	147敌人爆炸279伤害3基地爆炸59时间679易伤79序列升级8加一a核
126	14343 13325	9	   	269.31	橙3易伤3伤害1时间2雷电	137易伤2挖尘47a伤害5加一67雷电7序列升级8核9时间
127	14343 13326	10	   	269.31	橙3易伤3伤害1时间2雷电	137易伤2挖尘47a伤害5加一67雷电7序列升级8核9时间
128	12542 22512	6	   	269.31	橙4易伤3伤害1卖塔	179a易伤2雷电3卖塔479伤害579最后敌人6核79序列升级8平台
129	12543 22512	6	   	269.31	橙4易伤3伤害1卖塔	179a易伤2雷电3卖塔479伤害579敌人爆炸6核79序列升级8平台
130	11227 78312	10	   	269.24	橙3易伤3伤害2时间	159易伤2额外掉落35时间4加一59序列升级69最后敌人79a伤害8核
131	25153 22324	6	   	269.14	橙3易伤3伤害2时间	15时间2随机矿345易伤5序列升级679伤害8立即金币a核
132	25133 63334	7	   	268.57	橙4易伤2时间1等级1暴击	17时间2随机矿357a易伤457敌人爆炸57序列升级6核8等级9暴击
133	25132 63112	7	   	268.47	橙4易伤2时间1等级1暴击	17时间2随机矿3579易伤47敌人爆炸6核7序列升级8等级a暴击
134	25142 63112	7	   	268.47	橙4易伤2时间1等级1暴击	17时间2随机矿3579易伤47基地爆炸6核7序列升级8等级a暴击
135	25362 63112	7	   	268.47	橙4易伤2时间1等级1暴击	17时间2随机矿37基地爆炸4579易伤6核7序列升级8等级a暴击
136	15272 13245	1	 * 	268.45	橙5易伤2攻速2等级	14789易伤24攻速3加一49序列升级59基地爆炸69等级a核
137	12111 63224	5	   	268.41	橙4易伤1伤害1等级1时间	1679易伤2雷电3时间4等级5立即金币8核a伤害
138	12153 63224	4	   	268.41	橙4易伤1伤害1等级1时间	1679易伤2雷电3时间4立即金币5等级8核a伤害
139	12163 63224	3	   	268.41	橙4易伤1伤害1等级1时间	1679易伤2雷电3时间4双倍矿5等级8核a伤害
140	22211 63224	5	   	268.41	橙4易伤1伤害1等级1时间	1时间2雷电3679易伤4等级5立即金币8核a伤害
141	22253 63224	4	   	268.41	橙4易伤1伤害1等级1时间	1时间2雷电3679易伤4立即金币5等级8核a伤害
142	22263 63224	3	   	268.41	橙4易伤1伤害1等级1时间	1时间2雷电3679易伤4双倍矿5等级8核a伤害
143	53324 22112	8	   	268.37	橙4易伤2时间1等级1暴击	1敌人爆炸2359易伤45时间5序列升级6等级7核8金币生成a暴击
144	53324 22152	9	   	268.37	橙4易伤2时间1等级1暴击	1敌人爆炸2359易伤45时间5序列升级6等级7核8金币生成a暴击
145	53324 22232	7	   	268.37	橙4易伤2时间1等级1暴击	1敌人爆炸2359易伤45时间5序列升级6等级7核8基地爆炸a暴击
146	53324 22326	10	   	268.37	橙4易伤2时间1等级1暴击	18敌人爆炸2359易伤45时间5序列升级6等级7核a暴击
147	53324 22612	8	   	268.37	橙4易伤2时间1等级1暴击	1敌人爆炸2359易伤45时间5序列升级6等级7核8策反a暴击
148	53324 42112	7	   	268.37	橙4易伤2时间1等级1暴击	1敌人爆炸2359易伤45时间5序列升级6金币生成7核8等级a暴击
149	13213 21643	8	 * 	268.30	橙3易伤3攻速1伤害1等级1时间	159易伤2低血量敌人3时间458攻速5序列升级6等级7伤害a核
150	13213 21663	9	   	268.30	橙3易伤3攻速1伤害1等级1时间	159易伤2低血量敌人3时间458攻速5序列升级6等级7伤害a核
151	13213 62443	5	   	268.30	橙3易伤3攻速1伤害1等级1时间	159易伤2低血量敌人3时间457攻速5序列升级6伤害8等级a核
152	16213 21643	8	   	268.30	橙3易伤3攻速1伤害1等级1时间	159易伤2最后敌人3时间458攻速5序列升级6等级7伤害a核
153	53324 22423	10	   	268.27	橙4易伤2时间1等级1暴击	1敌人爆炸235a易伤45时间5序列升级6等级7核8暴击9加一
154	25153 32112	7	   	268.27	橙4易伤2时间1等级1暴击	15时间2随机矿3459易伤5序列升级6挖尘7核8等级a暴击
155	14343 13328	9	   	268.24	橙3易伤2伤害2时间2雷电	137易伤2挖尘47伤害5加一67雷电7序列升级8核9a时间
156	25133 63221	8	   	268.15	橙4易伤3时间1等级	178时间2随机矿3579易伤457敌人爆炸57序列升级6核a等级
157	25133 63241	9	   	268.15	橙4易伤3时间1等级	178时间2随机矿3579易伤457敌人爆炸57序列升级6核a等级
158	25133 63421	7	   	268.15	橙4易伤3时间1等级	178时间2随机矿3579易伤457敌人爆炸57序列升级6核a等级
159	25133 63612	7	   	268.15	橙4易伤3时间1等级	179时间2随机矿3579易伤457敌人爆炸579序列升级6核89挖尘a等级
160	25143 63221	8	   	268.15	橙4易伤3时间1等级	178时间2随机矿3579易伤457基地爆炸57序列升级6核a等级
161	25363 63221	8	   	268.15	橙4易伤3时间1等级	178时间2随机矿357基地爆炸4579易伤57序列升级6核a等级
162	25132 63115	7	   	268.05	橙4易伤3时间1等级	17a时间2随机矿3579易伤47敌人爆炸6核7序列升级8等级
163	53324 22115	8	   	267.95	橙4易伤3时间1等级	1敌人爆炸2359易伤45a时间5序列升级6等级7核8金币生成
164	53324 22153	10	   	267.95	橙4易伤3时间1等级	1敌人爆炸2359易伤45a时间5序列升级6等级7核8金币生成
165	25153 32115	7	   	267.85	橙4易伤3时间1等级	15a时间2随机矿3459易伤5序列升级6挖尘7核8等级
166	11236 23353	10	   	267.57	橙5易伤2时间1全技能	1567a易伤2额外掉落35时间4挖青5序列升级8全技能9核
167	11236 23355	9	   	267.57	橙5易伤2时间1全技能	1567a易伤2额外掉落35时间4挖青5序列升级8全技能9核
168	14343 13323	9	   	267.31	橙3易伤2伤害1时间2雷电1暴击	137易伤2挖尘47伤害5加一67雷电7序列升级8核9时间a暴击
169	53324 22262	10	   	267.27	橙3易伤3时间1等级1暴击	1敌人爆炸235易伤45a时间5序列升级6等级7核8雷电9暴击
170	31263 16142	2	   	267.23	橙3易伤2伤害2时间1暴击	18矿等28时间3暴击47伤害568易伤8序列升级9核a平台
171	31263 16143	2	   	267.23	橙3易伤2伤害2时间1暴击	18矿等28时间3暴击47伤害568易伤8序列升级9核a低血量敌人
172	32263 16142	1	   	267.23	橙3易伤2伤害2时间1暴击	18矿等28时间3暴击47伤害568易伤8序列升级9核a平台
173	32263 16143	1	   	267.23	橙3易伤2伤害2时间1暴击	18矿等28时间3暴击47伤害568易伤8序列升级9核a低血量敌人
174	53251 31333	8	   	267.16	橙4易伤1伤害1时间1暴击1全技能	1敌人爆炸2456易伤3全技能7时间8暴击9核a伤害
175	53251 33233	7	   	267.16	橙4易伤1伤害1时间1暴击1全技能	1敌人爆炸2456易伤3全技能7暴击8时间9核a伤害
176	53251 33353	7	   	267.16	橙4易伤1伤害1时间1暴击1全技能	1敌人爆炸2456易伤3全技能7暴击8核9时间a伤害
177	53326 23633	5	   	267.16	橙4易伤1伤害1时间1暴击1全技能	1敌人爆炸2358易伤4时间6全技能7暴击9核a伤害
178	13251 23521	1	   	267.13	橙3易伤2伤害2时间1暴击	19a易伤2基地爆炸3a伤害4赏金塔5策反6核7暴击8a时间a序列升级
179	31263 16136	2	   	267.13	橙3易伤2伤害2时间1暴击	18矿等28时间3暴击47伤害568易伤8序列升级9挖尘a核
180	31263 16141	2	   	267.13	橙3易伤2伤害2时间1暴击	18矿等28时间3暴击47伤害568易伤8序列升级9核a挖尘
181	32263 16136	1	   	267.13	橙3易伤2伤害2时间1暴击	18矿等28时间3暴击47伤害568易伤8序列升级9挖尘a核
182	32263 16141	1	   	267.13	橙3易伤2伤害2时间1暴击	18矿等28时间3暴击47伤害568易伤8序列升级9核a挖尘
183	12631 11166	10	   	267.10	橙3易伤2时间1伤害1等级2雷电	178易伤28雷电3立即金币4策反5伤害68时间8序列升级9核a等级
184	22413 22115	9	   	267.00	橙3易伤2时间2暴击1等级2雷电	17时间27雷电3低血量敌人4等级57暴击6核7序列升级89a易伤
185	12131 43424	7	   	266.94	橙4易伤2时间1伤害	1789易伤2雷电37时间47策反5立即金币6核7序列升级a伤害
186	22231 43424	7	   	266.94	橙4易伤2时间1伤害	17时间2雷电3789易伤47策反5立即金币6核7序列升级a伤害
187	25132 63234	9	   	266.94	橙4易伤2时间1伤害	17时间2随机矿357a易伤47敌人爆炸6核7序列升级8雷电9伤害
188	16234 16232	6	   	266.91	橙3易伤3时间2伤害	19a易伤245最后敌人35a时间5a序列升级6平台7核8a伤害
189	53324 22113	7	   	266.86	橙3易伤2时间2等级1伤害1攻速	1敌人爆炸235易伤45时间5序列升级68等级7核9攻速a伤害
190	25132 63135	10	   	266.86	橙4易伤3时间2雷电	17a时间2随机矿357a易伤47敌人爆炸6核7a序列升级8金币生成9a雷电
191	22523 43151	10	   	266.85	橙3易伤3时间2暴击1全技能1卖塔	178时间2雷电3卖塔47暴击579易伤6核7序列升级a全技能
192	11227 78311	9	   	266.81	橙3易伤3时间2伤害	159易伤2额外掉落35a时间4加一59序列升级69最后敌人79伤害8核
193	11227 78341	8	   	266.81	橙3易伤3时间2伤害	159易伤2额外掉落35a时间4加一59序列升级69最后敌人79伤害8核
194	31161 63252	3	   	266.81	橙3易伤3时间2伤害	19矿等248时间349易伤49序列升级5敌人爆炸6挖尘79伤害a核
195	31162 63252	3	   	266.81	橙3易伤3时间2伤害	19矿等248时间349易伤49序列升级5基地爆炸6挖尘79伤害a核
196	12111 13855	10	   	266.74	橙4易伤2时间2等级	1789易伤2雷电37时间47等级5立即金币6加一7序列升级a核
197	12112 13454	8	   	266.74	橙4易伤2时间2等级	1679易伤2雷电37时间47等级5挖青7序列升级8金币生成a核
198	22211 13855	10	   	266.74	橙4易伤2时间2等级	17时间2雷电3789易伤47等级5立即金币6加一7序列升级a核
199	22212 13454	8	   	266.74	橙4易伤2时间2等级	17时间2雷电3679易伤47等级5挖青7序列升级8金币生成a核
200	25153 21361	6	   	266.74	橙4易伤2时间1伤害	15时间2随机矿3459易伤5序列升级6伤害7雷电8加一a核
201	25153 21361	7	   	266.74	橙4易伤2时间1伤害	15时间2随机矿3459易伤5序列升级6伤害7雷电8加一a核
202	25153 32234	9	   	266.74	橙4易伤2时间1伤害	15时间2随机矿345a易伤5序列升级6挖尘7核8雷电9伤害
203	31115 63224	3	   	266.74	橙4易伤2时间1伤害	1矿等25时间3679易伤4雷电8核a伤害
204	53324 22133	7	   	266.74	橙4易伤2时间2等级	1敌人爆炸235a易伤45时间5序列升级68等级7核9雷电
205	53324 22253	8	   	266.74	橙4易伤2时间2等级	1敌人爆炸235a易伤45时间5序列升级69等级7核8雷电
206	24325 32332	9	   	266.71	橙3易伤3时间2伤害	17a时间257挖尘37a易伤4双倍矿6平台7a序列升级8a伤害9核
207	24435 32332	9	   	266.71	橙3易伤3时间2伤害	17a时间257挖尘3双倍矿47a易伤6平台7a序列升级8a伤害9核
208	43311 16472	1	   	266.71	橙3易伤3时间2伤害	15平台247时间3加一67a易伤7a序列升级8核9a伤害
209	23243 22313	10	   	266.71	橙3易伤3时间2伤害	139时间2低血量敌人49伤害5加一69a易伤7额外掉落8核9序列升级
210	25153 32135	10	   	266.66	橙4易伤3时间2雷电	15a时间2随机矿345a易伤5a序列升级6挖尘7核8金币生成9a雷电
211	12112 13354	7	   	266.64	橙4易伤2时间2等级	1679易伤2雷电37时间47等级5挖青7序列升级8掉矿a核
212	12112 13414	7	   	266.64	橙4易伤2时间2等级	1678易伤2雷电37时间47等级5挖青7序列升级9掉矿a核
213	22212 13354	7	   	266.64	橙4易伤2时间2等级	17时间2雷电3679易伤47等级5挖青7序列升级8掉矿a核
214	22212 13414	7	   	266.64	橙4易伤2时间2等级	17时间2雷电3678易伤47等级5挖青7序列升级9掉矿a核
215	22523 43421	7	   	266.60	橙4易伤2时间2暴击1卖塔	17时间2雷电3卖塔47暴击5789易伤6核7序列升级a矿等
216	22523 43422	7	   	266.60	橙4易伤2时间2暴击1卖塔	17时间2雷电3卖塔47暴击5789易伤6核7序列升级a金币生成
217	22523 43123	10	 * 	266.59	橙2易伤3时间1伤害2暴击1等级1卖塔	178时间2雷电3卖塔47暴击57易伤6核7序列升级9等级a伤害
218	22523 43124	9	 * 	266.59	橙2易伤3时间1伤害2暴击1等级1卖塔	178时间2雷电3卖塔47暴击57易伤6核7序列升级9等级a伤害
219	25162 13152	10	   	266.56	橙4易伤3时间2雷电	178时间2随机矿3679易伤47雷电5挖青7序列升级a核
220	22523 43423	7	   	266.50	橙4易伤2时间2暴击1卖塔	17时间2雷电3卖塔47暴击5789易伤6核7序列升级a赏金塔
221	11227 23622	8	   	266.22	橙5易伤2时间	1567a易伤2额外掉落35时间4加一5序列升级8雷电9核
222	31115 63223	3	   	266.22	橙5易伤2时间	1矿等25时间3679a易伤4雷电8核
223	31165 63223	4	   	266.22	橙5易伤2时间	1矿等25时间3679a易伤4雷电8核
224	12521 52142	8	   	266.18	橙3易伤3伤害2暴击2卖塔	189易伤2雷电36卖塔48暴击578伤害8序列升级a核
225	53324 22532	7	   	265.73	橙4易伤2时间1等级1攻速	1敌人爆炸235a易伤45时间5序列升级6等级7核8额外掉落9攻速
226	25133 63234	8	   	265.55	橙4易伤3时间1暴击	178时间2随机矿357a易伤457敌人爆炸57序列升级6核9暴击
227	23234 32463	10	   	265.55	橙4易伤3时间1暴击	137时间257低血量敌人4579易伤57序列升级6平台8核a暴击
228	25133 63226	8	   	265.55	橙4易伤3时间1暴击	178时间2随机矿3579易伤457敌人爆炸57序列升级6核a暴击
229	31161 12232	3	   	265.47	橙3易伤3时间2暴击1等级	1a矿等248时间34a易伤4a序列升级5敌人爆炸6等级7核9a暴击
230	31162 12232	3	   	265.47	橙3易伤3时间2暴击1等级	1a矿等248时间34a易伤4a序列升级5基地爆炸6等级7核9a暴击
231	31166 12232	3	   	265.47	橙3易伤3时间2暴击1等级	1a矿等248时间34a易伤4a序列升级5低血量敌人6等级7核9a暴击
232	23233 32463	10	   	265.45	橙4易伤3时间1暴击	137时间27低血量敌人4579易伤6平台7序列升级8核a暴击
233	53324 22316	10	   	265.37	橙3易伤3时间1伤害1等级	18敌人爆炸235易伤459时间5序列升级6等级7核a伤害
234	13223 73255	4	 * 	265.12	橙2易伤3伤害3时间1全技能	1a易伤2低血量敌人36a时间4全技能5加一79a伤害8核a序列升级
235	11227 41428	6	   	265.11	橙4易伤3时间1暴击1卖塔	1579易伤2额外掉落357时间4加一57序列升级6卖塔8核a暴击
236	13343 43421	10	 * 	265.06	橙4易伤2攻速3雷电1时间	178a易伤2低血量敌人347雷电57攻速6核7序列升级9时间
237	13126 23255	1	   	264.93	橙5易伤2伤害	1478a易伤2a基地爆炸3双倍矿5a伤害6随机矿9核a序列升级
238	13126 23255	2	   	264.93	橙5易伤2伤害	1478a易伤2a低血量敌人3双倍矿5a伤害6随机矿9核a序列升级
239	13126 23255	3	   	264.93	橙5易伤2伤害	1478a易伤23a低血量敌人5a伤害6随机矿9核a序列升级
240	53324 22213	9	   	264.62	橙3易伤3时间1等级1攻速	1敌人爆炸235易伤459时间5序列升级6等级7核8雷电a攻速
241	53324 22216	10	   	264.62	橙3易伤3时间1等级1攻速	1敌人爆炸235易伤459时间5序列升级6等级7核8雷电a攻速
242	12521 11111	9	   	264.26	橙3易伤2时间1伤害2雷电1暴击1卖塔	178易伤28雷电3卖塔4暴击5伤害68时间8序列升级9基地爆炸a核
243	12521 11121	9	   	264.26	橙3易伤2时间1伤害2雷电1暴击1卖塔	178易伤28雷电3卖塔4暴击5伤害68时间8序列升级9敌人爆炸a核
244	12521 11141	8	   	264.26	橙3易伤2时间1伤害2雷电1暴击1卖塔	178易伤28雷电3卖塔4暴击5伤害68时间8序列升级9低血量敌人a核
245	12521 11151	8	   	264.26	橙3易伤2时间1伤害2雷电1暴击1卖塔	178易伤28雷电3卖塔4暴击5伤害68时间8序列升级9最后敌人a核
246	12521 11151	9	   	264.26	橙3易伤2时间1伤害2雷电1暴击1卖塔	178易伤28雷电3卖塔4暴击5伤害68时间8序列升级9低血量敌人a核
247	12521 11161	10	   	264.26	橙3易伤2时间1伤害2雷电1暴击1卖塔	178易伤28雷电3卖塔4暴击5伤害68时间8序列升级9核a低血量敌人
248	12521 11161	9	   	264.26	橙3易伤2时间1伤害2雷电1暴击1卖塔	178易伤28雷电3卖塔4暴击5伤害68时间8序列升级9核a随机矿
249	12521 11162	10	   	264.26	橙3易伤2时间1伤害2雷电1暴击1卖塔	178易伤28雷电3卖塔4暴击5伤害68时间8序列升级9核a基地爆炸
250	12521 11164	10	   	264.26	橙3易伤2时间1伤害2雷电1暴击1卖塔	178易伤28雷电3卖塔4暴击5伤害68时间8序列升级9核a策反
251	12521 11165	9	   	264.26	橙3易伤2时间1伤害2雷电1暴击1卖塔	178易伤28雷电3卖塔4暴击5伤害68时间8序列升级9核a最后敌人
252	12521 11166	10	   	264.26	橙3易伤2时间1伤害2雷电1暴击1卖塔	178易伤28雷电3卖塔4暴击5伤害68时间8序列升级9核a金币生成
253	12112 63631	10	   	264.17	橙3易伤2时间3等级1伤害	167易伤2雷电37时间467等级5挖青67序列升级8伤害9核a金币生成
254	12112 63632	10	   	264.17	橙3易伤2时间3等级1伤害	167易伤2雷电37时间467等级5挖青67序列升级8伤害9核a随机矿
255	12112 63632	9	   	264.17	橙3易伤2时间3等级1伤害	167易伤2雷电37时间467等级5挖青67序列升级8伤害9核a低血量敌人
256	12112 63634	9	   	264.17	橙3易伤2时间1伤害3等级	167易伤2雷电37时间467等级5挖青67序列升级8伤害9核a敌人爆炸
257	12112 63635	10	   	264.17	橙3易伤2时间3等级1伤害	167易伤2雷电37时间467等级5挖青67序列升级8伤害9核a最后敌人
258	12112 63635	9	   	264.17	橙3易伤2时间3等级1伤害	167易伤2雷电37时间467等级5挖青67序列升级8伤害9核a金币生成
259	12521 11163	9	   	264.16	橙3易伤2时间1伤害2雷电1暴击1卖塔	178易伤28雷电3卖塔4暴击5伤害68时间8序列升级9核a挖尘
260	12521 11165	10	   	264.16	橙3易伤2时间1伤害2雷电1暴击1卖塔	178易伤28雷电3卖塔4暴击5伤害68时间8序列升级9核a掉矿
261	12112 63165	10	 * 	264.07	橙3易伤2时间3等级2暴击	167易伤2雷电37时间467等级5挖青67序列升级89暴击a核
262	12112 63631	9	   	264.07	橙3易伤2时间3等级1伤害	167易伤2雷电37时间467等级5挖青67序列升级8伤害9核a挖尘
263	12112 63634	10	   	264.07	橙3易伤2时间1伤害3等级	167易伤2雷电37时间467等级5挖青67序列升级8伤害9核a掉矿
264	12112 63636	9	   	264.07	橙3易伤2时间3等级1伤害	167易伤2雷电37时间467等级5挖青67序列升级8伤害9核a赏金邻近
265	12433 21255	1	   	264.01	橙3易伤3伤害1时间1全技能	15a易伤2全技能3时间49a伤害6加一7a挖尘8核a序列升级
266	12112 33352	10	   	263.88	橙3易伤3时间2等级2雷电	179易伤28雷电367时间47等级5挖青7序列升级a核
267	22212 33352	10	   	263.88	橙3易伤3时间2等级2雷电	167时间28雷电379易伤47等级5挖青7序列升级a核
268	53251 31332	8	   	263.35	橙4易伤1等级1时间1暴击1全技能	1敌人爆炸2456易伤3全技能7时间8暴击9核a等级
269	53251 33232	7	   	263.35	橙4易伤1等级1时间1暴击1全技能	1敌人爆炸2456易伤3全技能7暴击8时间9核a等级
270	53251 33352	7	   	263.35	橙4易伤1等级1时间1暴击1全技能	1敌人爆炸2456易伤3全技能7暴击8核9时间a等级
271	53326 23632	5	   	263.35	橙4易伤1等级1时间1暴击1全技能	1敌人爆炸2358易伤4时间6全技能7暴击9核a等级
272	14343 13312	10	   	263.32	橙3易伤2伤害1时间2雷电1全技能	137易伤2挖尘47伤害5加一67雷电7序列升级8核9全技能a时间
273	14343 13317	9	   	263.32	橙3易伤2伤害1时间2雷电1全技能	137易伤2挖尘47伤害5加一67雷电7序列升级8核9全技能a时间
274	14343 13337	8	   	263.32	橙3易伤2伤害1时间2雷电1全技能	137易伤2挖尘47伤害5加一67雷电7序列升级8核9全技能a时间
275	14343 13361	8	   	263.32	橙3易伤2伤害1等级2雷电1全技能	137易伤2挖尘47伤害5加一67雷电7序列升级8核9等级a全技能
276	53324 22236	8	   	263.28	橙3易伤3时间1等级1全技能	1敌人爆炸235易伤45a时间5序列升级6等级7核8雷电9全技能
277	11227 78313	10	   	263.24	橙3易伤2伤害2时间1全技能	159易伤2额外掉落35时间4加一59序列升级69最后敌人79伤害8核a全技能
278	22523 43611	8	   	263.22	橙3易伤3时间3暴击1卖塔	179时间2雷电3卖塔478暴击57a易伤6核7序列升级
279	13213 23162	8	   	263.16	橙3易伤2时间2攻速1等级1全技能	159易伤2低血量敌人39时间45攻速59序列升级6等级7全技能89策反a核
280	13213 23462	7	   	263.16	橙3易伤2时间2攻速1等级1全技能	159易伤2低血量敌人39时间45攻速59序列升级6等级7全技能89策反a核
281	13213 55162	8	   	263.16	橙3易伤2时间2攻速1等级1全技能	159易伤2低血量敌人39时间45攻速59序列升级6全技能7等级89策反a核
282	16213 23162	8	   	263.16	橙3易伤2时间2攻速1等级1全技能	159易伤2最后敌人39时间45攻速59序列升级6等级7全技能89策反a核
283	16213 23462	7	   	263.16	橙3易伤2时间2攻速1等级1全技能	159易伤2最后敌人39时间45攻速59序列升级6等级7全技能89策反a核
284	13253 23162	7	   	263.16	橙3易伤2时间2攻速1等级1全技能	159易伤2低血量敌人39时间45策反59序列升级6等级7全技能89攻速a核
285	16253 23162	7	   	263.16	橙3易伤2时间2攻速1等级1全技能	159易伤2最后敌人39时间45策反59序列升级6等级7全技能89攻速a核
286	53324 22313	8	   	263.15	橙3易伤2时间1伤害1等级1攻速	18敌人爆炸235易伤45时间5序列升级6等级7核9攻速a伤害
287	53324 22531	7	   	263.15	橙3易伤2时间1伤害1等级1攻速	1敌人爆炸235易伤45时间5序列升级6等级7核8额外掉落9攻速a伤害
288	12413 73245	1	   	263.14	橙3易伤2伤害2时间1全技能	19a易伤2全技能36时间4a低血量敌人5加一7a伤害8核a序列升级
289	12431 26245	1	   	263.14	橙3易伤2伤害2时间1全技能	19a易伤2全技能35时间4a伤害6加一7a低血量敌人8核a序列升级
290	13453 33245	3	   	263.14	橙3易伤2伤害2时间1全技能	19a易伤26低血量敌人3全技能4a时间5加一7a伤害8核a序列升级
291	13143 45245	6	   	263.14	橙3易伤2伤害2时间1全技能	19a易伤23低血量敌人4a伤害5加一6全技能7a时间8核a序列升级
292	13223 33245	4	   	263.14	橙3易伤2伤害2时间1全技能	19a易伤26低血量敌人3a时间4全技能5加一7a伤害8核a序列升级
293	23143 28245	7	   	263.14	橙3易伤2伤害2时间1全技能	1a时间23低血量敌人4a伤害5加一69a易伤7全技能8核a序列升级
294	25133 63251	7	   	263.10	橙4易伤3时间1攻速	179时间2随机矿3579易伤457敌人爆炸579序列升级6核89金币生成a攻速
295	13222 52162	4	   	263.06	橙3易伤2时间2攻速1等级1全技能	179易伤2低血量敌人39时间4全技能5等级6策反89攻速9序列升级a核
296	13223 52162	5	   	263.06	橙3易伤2时间2攻速1等级1全技能	179易伤2低血量敌人39时间4全技能5等级6策反89攻速9序列升级a核
297	13252 23162	7	   	263.06	橙3易伤2时间2攻速1等级1全技能	159易伤2低血量敌人39时间4策反6等级7全技能89攻速9序列升级a核
298	16222 52162	4	   	263.06	橙3易伤2时间2攻速1等级1全技能	179易伤2最后敌人39时间4全技能5等级6策反89攻速9序列升级a核
299	16252 23162	7	   	263.06	橙3易伤2时间2攻速1等级1全技能	159易伤2最后敌人39时间4策反6等级7全技能89攻速9序列升级a核
300	26322 52162	4	   	263.06	橙3易伤2时间2攻速1等级1全技能	19时间2最后敌人379易伤4全技能5等级6策反89攻速9序列升级a核
301	26352 23162	7	   	263.06	橙3易伤2时间2攻速1等级1全技能	19时间2最后敌人359易伤4策反6等级7全技能89攻速9序列升级a核
302	13415 16213	1	   	263.05	橙3易伤2时间1伤害1等级1攻速	139易伤2基地爆炸48时间5攻速6等级7核a伤害
303	53326 22313	7	   	263.05	橙3易伤2时间1伤害1等级1攻速	1敌人爆炸235易伤48时间6等级7核9攻速a伤害
304	53326 22513	8	   	263.05	橙3易伤2时间1伤害1等级1攻速	1敌人爆炸235易伤48时间6等级7核9攻速a伤害
305	53324 22134	9	   	263.03	橙4易伤2时间1等级	1敌人爆炸235a易伤45时间5序列升级6等级7核8金币生成9雷电
306	53324 22333	8	   	263.03	橙4易伤2时间1等级	18敌人爆炸235a易伤45时间5序列升级6等级7核9雷电
307	53324 22353	9	   	263.03	橙4易伤2时间1等级	18敌人爆炸235a易伤45时间5序列升级6等级7核9雷电
308	11227 23157	8	   	263.03	橙4易伤2时间1暴击1攻速	1567易伤2额外掉落35时间4加一5序列升级8攻速9核a暴击
309	13213 11616	5	 * 	263.02	橙3易伤3攻速2时间1等级	158易伤2低血量敌人38时间459攻速58序列升级6等级78矿等a核
310	13213 21616	6	   	263.02	橙3易伤3攻速2时间1等级	158易伤2低血量敌人38时间459攻速58序列升级6等级78矿等a核
311	16213 11616	5	   	263.02	橙3易伤3攻速2时间1等级	158易伤2最后敌人38时间459攻速58序列升级6等级78矿等a核
312	16213 21616	6	   	263.02	橙3易伤3攻速2时间1等级	158易伤2最后敌人38时间459攻速58序列升级6等级78矿等a核
313	25133 63235	8	   	262.97	橙3易伤3时间1伤害1暴击	178时间2随机矿357易伤457敌人爆炸57序列升级6核9暴击a伤害
314	23234 32331	10	   	262.97	橙3易伤3时间1伤害1暴击	137时间257低血量敌人457易伤57序列升级6平台8伤害9核a暴击
315	24352 23162	7	   	262.96	橙3易伤2时间2攻速1等级1全技能	19时间2挖尘359易伤4策反6等级7全技能89攻速9序列升级a核
316	14336 16213	3	   	262.95	橙3易伤2时间1伤害1等级1攻速	139易伤2挖尘4攻速58时间6等级7核a伤害
317	24312 16213	5	   	262.95	橙3易伤2时间1伤害1等级1攻速	18时间2挖尘359易伤4攻速6等级7核a伤害
318	24312 21521	10	   	262.95	橙3易伤2时间1伤害1等级1攻速	18时间2挖尘359易伤4攻速6等级7伤害a核
319	24312 26213	6	   	262.95	橙3易伤2时间1伤害1等级1攻速	18时间2挖尘359易伤4攻速6等级7核a伤害
320	12431 21245	1	   	262.94	橙3易伤2伤害2时间1全技能	19a易伤2全技能35时间4a伤害6加一7a挖尘8核a序列升级
321	12115 63221	4	   	262.93	橙4易伤2时间1等级	1679易伤2雷电35时间4等级8核a矿等
322	12115 63222	4	   	262.93	橙4易伤2时间1等级	1679易伤2雷电35时间4等级8核a金币生成
323	12115 63226	4	   	262.93	橙4易伤2时间1等级	1679易伤2雷电35时间4等级8核a低血量敌人
324	12155 63221	3	   	262.93	橙4易伤2时间1等级	1679易伤2雷电35时间4等级8核a矿等
325	12155 63222	3	   	262.93	橙4易伤2时间1等级	1679易伤2雷电35时间4等级8核a金币生成
326	22215 63221	4	   	262.93	橙4易伤2时间1等级	15时间2雷电3679易伤4等级8核a矿等
327	22215 63222	4	   	262.93	橙4易伤2时间1等级	15时间2雷电3679易伤4等级8核a金币生成
328	22215 63226	4	   	262.93	橙4易伤2时间1等级	15时间2雷电3679易伤4等级8核a低血量敌人
329	22255 63221	3	   	262.93	橙4易伤2时间1等级	15时间2雷电3679易伤4等级8核a矿等
330	22255 63222	3	   	262.93	橙4易伤2时间1等级	15时间2雷电3679易伤4等级8核a金币生成
331	53324 22211	8	   	262.93	橙4易伤2时间1等级	1敌人爆炸235a易伤45时间5序列升级6等级7核8雷电9赏金塔
332	53324 22611	7	   	262.93	橙4易伤2时间1等级	1敌人爆炸235a易伤45时间5序列升级6等级7核8雷电9赏金塔
333	53326 22213	9	   	262.93	橙4易伤2时间1等级	1敌人爆炸235a易伤49时间6等级7核8雷电
334	53326 22333	7	   	262.93	橙4易伤2时间1等级	1敌人爆炸235a易伤48时间6等级7核9雷电
335	53326 22533	8	   	262.93	橙4易伤2时间1等级	1敌人爆炸235a易伤48时间6等级7核9雷电
336	12542 22511	6	   	262.92	橙3易伤3伤害1等级1卖塔	179易伤2雷电3卖塔479伤害579最后敌人6核79序列升级8平台a等级
337	12543 22511	6	   	262.92	橙3易伤3伤害1等级1卖塔	179易伤2雷电3卖塔479伤害579敌人爆炸6核79序列升级8平台a等级
338	25133 63151	7	   	262.90	橙4易伤3时间1攻速	179时间2随机矿3579易伤457敌人爆炸579序列升级6核89掉矿a攻速
339	23233 32331	10	   	262.87	橙3易伤3时间1伤害1暴击	137时间27低血量敌人457易伤6平台7序列升级8伤害9核a暴击
340	12115 63223	4	   	262.83	橙4易伤2时间1等级	1679易伤2雷电35时间4等级8核a赏金塔
341	12155 63223	3	   	262.83	橙4易伤2时间1等级	1679易伤2雷电35时间4等级8核a赏金塔
342	22215 63223	4	   	262.83	橙4易伤2时间1等级	15时间2雷电3679易伤4等级8核a赏金塔
343	22255 63223	3	   	262.83	橙4易伤2时间1等级	15时间2雷电3679易伤4等级8核a赏金塔
344	11227 22851	6	   	262.80	橙4易伤3时间1攻速	1568易伤2额外掉落358时间4加一58序列升级78最后敌人9攻速a核
345	11227 24851	6	   	262.80	橙4易伤3时间1攻速	1568易伤2额外掉落358时间4加一58序列升级78低血量敌人9攻速a核
346	11227 84381	10	   	262.77	橙3易伤3时间1伤害1暴击	156易伤27额外掉落356时间4加一56序列升级8核9暴击a伤害
347	22261 16622	2	   	262.77	橙3易伤3时间3雷电1暴击	178时间278雷电3金币生成4赏金塔5暴击678易伤78序列升级9核a最后敌人
348	22361 16622	3	   	262.77	橙3易伤3时间3雷电1暴击	178时间278雷电3金币生成4赏金塔5暴击678易伤78序列升级9核a最后敌人
349	14343 13314	9	   	262.72	橙3易伤3伤害2雷电1全技能	137易伤2挖尘47a伤害5加一67雷电7序列升级8核9全技能
350	14343 13334	8	   	262.72	橙3易伤3伤害2雷电1全技能	137易伤2挖尘47a伤害5加一67雷电7序列升级8核9全技能
351	11227 84327	6	   	262.70	橙4易伤3时间1攻速	1568易伤2额外掉落356时间4加一568序列升级7立即金币9核a攻速
352	11227 84327	7	   	262.70	橙4易伤3时间1攻速	1568易伤27额外掉落356时间4加一568序列升级9核a攻速
353	11227 86121	8	   	262.70	橙4易伤3时间1攻速	1568易伤2额外掉落356时间4加一56序列升级7攻速9最后敌人a核
354	11227 86131	8	   	262.70	橙4易伤3时间1攻速	1568易伤2额外掉落356时间4加一56序列升级7攻速9低血量敌人a核
355	22261 16623	2	   	262.67	橙3易伤3时间3雷电1暴击	178时间278雷电3金币生成4赏金塔5暴击678易伤78序列升级9核a掉矿
356	22361 16623	3	   	262.67	橙3易伤3时间3雷电1暴击	178时间278雷电3金币生成4赏金塔5暴击678易伤78序列升级9核a掉矿
357	12216 63225	4	   	262.54	橙5易伤1等级1攻速	15679易伤2雷电3挖尘4等级8核a攻速
358	13343 43333	8	 * 	262.49	橙3易伤2攻速3雷电1伤害1时间	179易伤2低血量敌人347雷电57攻速6核7序列升级8时间a伤害
359	13343 43423	9	   	262.49	橙3易伤2攻速3雷电1伤害1时间	178易伤2低血量敌人347雷电57攻速6核7序列升级9时间a伤害
360	13343 43511	10	   	262.49	橙3易伤2攻速3雷电1伤害1等级	17a易伤2低血量敌人347雷电57攻速6核7序列升级8伤害9等级
361	14224 11142	2	 * 	262.48	橙3易伤2伤害2等级2暴击	158易伤28挖尘3a伤害46暴击78等级8序列升级9核
