0	Index      	Bounty	 *	Score 	Summary	Detail	
1	35121 35114	6	 * 	284.69	橙3易伤2伤害2时间1等级2雷电	17雷电24时间37伤害57a易伤6额外掉落7序列升级8等级9核
2	16334 25111	3	 * 	281.32	橙4易伤3时间1伤害1全技能	125时间3伤害4全技能689a易伤7核
3	31644 43111	7	 * 	280.11	橙4易伤2伤害2等级2雷电	17雷电2加一34等级57伤害6789易伤7序列升级a核
4	43415 22123	1	   	278.90	橙4易伤2伤害2等级1暴击	18等级247a易伤34伤害4序列升级5暴击6随机矿9核
5	11121 23544	3	 * 	278.90	橙3易伤3伤害2时间1全技能	18时间2策反389伤害4全技能578易伤6双倍矿8序列升级a核
6	31684 43312	7	 * 	278.83	橙3易伤2伤害3雷电2等级1时间	147雷电2加一34等级47序列升级57伤害679易伤8核a时间
7	15131 35114	6	   	278.14	橙3易伤2伤害2时间1等级	17时间2雷电37伤害4立即金币57a易伤6额外掉落7序列升级8等级9核
8	11122 23553	3	 * 	276.37	橙3易伤3时间2伤害1核弹1全技能	158时间2策反38伤害4全技能678易伤8序列升级9核弹a核
9	11231 23553	3	   	276.37	橙3易伤3时间2伤害1核弹1全技能	138时间2策反4全技能58伤害678易伤8序列升级9核弹a核
10	11422 23553	2	   	276.37	橙3易伤3时间2伤害1核弹1全技能	158时间2策反38伤害4全技能678易伤8序列升级9核弹a核
11	31684 43311	7	   	276.23	橙3易伤2伤害3雷电2等级1暴击	147雷电2加一34等级47序列升级57伤害679易伤8核a暴击
12	35122 11153	10	   	275.02	橙3易伤3时间2伤害	1雷电246时间36伤害5随机矿6序列升级78a易伤9核
13	31124 34323	4	   	274.92	橙3易伤3时间2伤害	1雷电2加一35伤害458时间5序列升级67a易伤9核
14	31124 34334	4	   	274.92	橙3易伤3时间2伤害	1雷电2加一35伤害458时间5序列升级679易伤a核
15	35154 34323	3	   	274.92	橙3易伤3时间2伤害	1雷电258时间35伤害4加一5序列升级67a易伤9核
16	35154 34334	3	   	274.92	橙3易伤3时间2伤害	1雷电258时间35伤害4加一5序列升级679易伤a核
17	31644 43322	8	   	273.72	橙3易伤2伤害2等级1时间2雷电	17雷电2加一34等级57伤害679易伤7序列升级8核a时间
18	31644 43352	9	   	273.72	橙3易伤2伤害2等级1时间2雷电	17雷电2加一34等级57伤害679易伤7序列升级8核a时间
19	31644 43356	10	   	273.72	橙3易伤2伤害2等级1时间2雷电	17雷电2加一34等级57伤害679易伤7序列升级8核a时间
20	16325 13115	5	   	273.29	橙4易伤2时间1伤害2雷电	12时间3伤害4567易伤89雷电a核
21	31127 48414	9	   	273.15	橙4易伤2时间1伤害2雷电1卖塔	19雷电2加一3伤害49时间5卖塔679a易伤8核9序列升级
22	31142 24413	10	 * 	272.02	橙3易伤3伤害3雷电1暴击	19a雷电2加一39a伤害45最后敌人6暴击79a易伤8核9a序列升级
23	35131 35114	6	   	270.10	橙3易伤2伤害1等级1时间2雷电	17雷电2时间37伤害4立即金币57a易伤6额外掉落7序列升级8等级9核
24	14111 11616	3	   	269.80	橙2易伤3时间2伤害1等级1暴击	178时间2金币生成38伤害4矿等5暴击68易伤8序列升级9核a等级
25	14433 11611	1	   	269.80	橙2易伤3时间2伤害1等级1暴击	178时间2矿等38伤害4暴击5等级68易伤8序列升级9核a立即金币
26	14433 11612	1	   	269.80	橙2易伤3时间2伤害1等级1暴击	178时间2矿等38伤害4暴击5等级68易伤8序列升级9核a低血量敌人
27	16411 11611	1	   	269.80	橙2易伤3时间2伤害1等级1暴击	178时间2等级38伤害4矿等5暴击68易伤8序列升级9核a立即金币
28	16411 11612	1	   	269.80	橙2易伤3时间2伤害1等级1暴击	178时间2等级38伤害4矿等5暴击68易伤8序列升级9核a低血量敌人
29	31157 32411	3	   	269.65	橙4易伤2伤害1等级	1雷电2加一37伤害4569易伤8等级a核
30	13123 65342	2	   	269.59	橙3易伤2伤害2时间1等级1卖塔	1a时间2平台36a易伤4金币生成5卖塔7等级8a伤害9核a序列升级
31	31644 43328	8	   	268.47	橙3易伤2伤害2等级2雷电1攻速	17雷电2加一34等级57伤害679易伤7序列升级8核a攻速
32	31644 43358	9	   	268.47	橙3易伤2伤害2等级2雷电1攻速	17雷电2加一34等级57伤害679易伤7序列升级8核a攻速
33	35121 35314	6	   	268.34	橙3易伤2伤害2时间2雷电	17雷电24时间37伤害57a易伤6额外掉落7序列升级8掉矿9核
34	31127 47414	9	   	268.09	橙3易伤2伤害2时间2雷电1卖塔	19雷电2加一37伤害49时间5卖塔69a易伤8核9序列升级
35	31127 48416	9	   	268.09	橙3易伤2伤害2时间2雷电1卖塔	19雷电2加一3a伤害49时间5卖塔679易伤8核9序列升级
36	31684 43337	7	 * 	267.57	橙2易伤3伤害3雷电2等级1时间	147雷电2加一34等级47序列升级57a伤害67易伤8核9时间
37	31113 24414	9	   	267.41	橙3易伤2伤害1时间2雷电1暴击	19雷电2加一39伤害4立即金币5时间6暴击79a易伤8核9序列升级
38	33542 15311	5	   	267.15	橙4易伤2伤害1暴击	1雷电2平台3579易伤46伤害8暴击a核
39	31623 23533	9	   	267.00	橙3易伤2时间1伤害1等级2雷电	18雷电2加一3等级48时间5低血量敌人6伤害78a易伤8序列升级9核
40	11226 23255	7	   	266.81	橙3易伤3时间2伤害	13a时间2策反47a易伤5随机矿6平台8核9a伤害a序列升级
41	31144 24133	10	   	266.81	橙3易伤3伤害2雷电1暴击	1a雷电2加一35a伤害4最后敌人6暴击78a易伤9核a序列升级
42	31144 24417	10	   	266.81	橙3易伤3伤害2雷电1暴击	19雷电2加一359伤害4最后敌人6暴击79a易伤8核9序列升级
43	31127 48411	9	   	266.76	橙3易伤2时间1伤害1等级2雷电1卖塔	19雷电2加一3伤害49时间5卖塔679易伤8核9序列升级a等级
44	13433 44266	2	   	266.71	橙3易伤3时间2伤害	13a时间2平台4加一5双倍矿67a易伤8核9a伤害a序列升级
45	13434 44266	2	   	266.71	橙3易伤3时间2伤害	13a时间2平台4加一5立即金币67a易伤8核9a伤害a序列升级
46	16325 11113	7	   	266.71	橙3易伤3时间2伤害	126时间3a伤害45a易伤7加一8核9a最后敌人a序列升级
47	16325 11163	7	   	266.71	橙3易伤3时间2伤害	126时间3a伤害45a易伤7加一8核9a基地爆炸a序列升级
48	16325 11513	9	   	266.71	橙3易伤3时间2伤害	126时间3a伤害45a易伤7加一8a低血量敌人9核a序列升级
49	11226 43623	9	   	266.71	橙3易伤3时间2伤害	139时间2策反469易伤5随机矿7双倍物品89伤害9序列升级a核
50	15121 34115	5	   	266.64	橙4易伤2时间1伤害	14时间2雷电3伤害5689易伤7掉矿a核
51	35121 34115	5	   	266.64	橙4易伤2时间1伤害	1雷电24时间3伤害5689易伤7掉矿a核
52	31426 24384	5	   	266.56	橙4易伤3时间2雷电	19雷电2加一3随机矿489时间5679易伤9序列升级a核
53	31426 34384	6	   	266.56	橙4易伤3时间2雷电	19雷电2加一3随机矿489时间5679易伤9序列升级a核
54	31427 24384	4	   	266.56	橙4易伤3时间2雷电	19雷电2加一3随机矿489时间5679易伤9序列升级a核
55	31526 24384	5	   	266.56	橙4易伤3时间2雷电	19雷电2加一3策反489时间5679易伤9序列升级a核
56	31526 34384	6	   	266.56	橙4易伤3时间2雷电	19雷电2加一3策反489时间5679易伤9序列升级a核
57	31527 24384	4	   	266.56	橙4易伤3时间2雷电	19雷电2加一3策反489时间5679易伤9序列升级a核
58	16325 11123	7	   	266.51	橙3易伤3时间2伤害	126时间3a伤害45a易伤7加一8核9挖青a序列升级
59	16325 11133	7	   	266.51	橙3易伤3时间2伤害	126时间3a伤害45a易伤7加一8核9a挖尘a序列升级
60	15157 31444	3	   	265.71	橙4易伤1伤害1时间1暴击	1时间2雷电3伤害4加一579a易伤6暴击8核
61	15158 41444	3	   	265.71	橙4易伤1伤害1时间1暴击	1时间2雷电3伤害4加一5暴击679a易伤8核
62	31126 31444	5	   	265.71	橙4易伤1伤害1时间1暴击	1雷电2加一3伤害4时间579a易伤6暴击8核
63	31127 31444	4	   	265.71	橙4易伤1伤害1时间1暴击	1雷电2加一3伤害4时间579a易伤6暴击8核
64	31128 41444	4	   	265.71	橙4易伤1伤害1时间1暴击	1雷电2加一3伤害4时间5暴击679a易伤8核
65	31314 73144	2	   	265.71	橙4易伤1伤害1时间1暴击	1雷电2加一3暴击4时间569a易伤7核8伤害
66	31314 77444	2	   	265.71	橙4易伤1伤害1时间1暴击	1雷电2加一3暴击4时间569a易伤7伤害8核
67	35157 31444	3	   	265.71	橙4易伤1伤害1时间1暴击	1雷电2时间3伤害4加一579a易伤6暴击8核
68	35158 41444	3	   	265.71	橙4易伤1伤害1时间1暴击	1雷电2时间3伤害4加一5暴击679a易伤8核
69	16321 12126	4	   	265.60	橙3易伤2时间1伤害1等级1暴击	12时间3伤害467易伤5暴击8等级9赏金邻近a核
70	16325 13226	10	   	265.27	橙3易伤3时间1伤害1等级	126时间3伤害45a易伤7金币生成8等级9核
71	14225 12226	10	   	265.27	橙3易伤3时间1伤害1等级	136时间2金币生成45a易伤7伤害8等级9核
72	15143 52233	9	   	264.88	橙2易伤2伤害2时间1等级1暴击	18时间2雷电38伤害4平台5额外掉落6核78易伤8序列升级9暴击a等级
73	13233 13555	2	   	264.59	橙3易伤2伤害2时间1攻速	1a时间2平台3a策反456易伤7核8攻速9a伤害a序列升级
74	13233 13555	3	   	264.59	橙3易伤2伤害2时间1攻速	1a时间2平台3a策反456易伤7核8攻速9a伤害a序列升级
75	15123 44132	9	   	264.42	橙2易伤3时间2伤害2雷电1全技能	145时间2a雷电3a伤害6平台7a易伤8核9全技能a序列升级
76	35123 44132	9	   	264.42	橙2易伤3时间2伤害2雷电1全技能	1a雷电245时间3a伤害6平台7a易伤8核9全技能a序列升级
77	16326 13612	9	   	264.39	橙3易伤2伤害2时间1攻速	12时间37伤害49a易伤5随机矿6攻速8核
78	15511 21623	9	 * 	264.23	橙2易伤3时间1伤害2等级1暴击	158时间2雷电38等级4敌人爆炸6伤害78易伤8序列升级9核a暴击
79	31127 48415	10	   	264.16	橙3易伤2时间1伤害2雷电1暴击1卖塔	19雷电2加一3伤害49时间5卖塔679易伤8核9序列升级a暴击
80	15121 43153	10	   	264.08	橙3易伤3时间1伤害2雷电	147时间27雷电3伤害58a易伤67金币生成7序列升级9核
81	35121 43153	10	   	264.08	橙3易伤3时间1伤害2雷电	17雷电247时间3伤害58a易伤67金币生成7序列升级9核
82	11155 11153	10	   	263.98	橙3易伤3时间1伤害2雷电	146时间2策反3伤害56雷电6序列升级78a易伤9核
83	15123 66131	2	 * 	263.98	橙3易伤3时间2暴击2雷电	16a时间2a雷电3最后敌人46暴击5赏金塔6a序列升级78a易伤9核
84	15223 66131	3	   	263.98	橙3易伤3时间2暴击2雷电	16a时间2a雷电3最后敌人46暴击5赏金塔6a序列升级78a易伤9核
85	31314 33482	2	   	263.88	橙3易伤3时间2暴击2雷电	19雷电2加一39暴击468时间59a易伤7核9序列升级
86	33163 66213	2	 * 	263.82	橙3易伤2伤害2攻速3雷电	149雷电2平台35a易伤6核7a伤害8a攻速a序列升级
87	31127 48416	10	   	263.73	橙3易伤3时间1伤害2雷电1卖塔	19雷电2加一3伤害49a时间5卖塔679易伤8核9序列升级
88	31124 34327	4	 * 	263.66	橙2易伤3伤害3时间	1雷电2加一35a伤害458时间5序列升级67易伤9核
89	35154 34327	3	   	263.66	橙2易伤3伤害3时间	1雷电258时间35a伤害4加一5序列升级67易伤9核
90	16321 15143	3	   	263.01	橙2易伤3时间2伤害1暴击1全技能	129时间39伤害4挖尘5暴击69易伤7赏金邻近8全技能9序列升级a核
91	14162 22622	1	   	262.93	橙4易伤2时间1等级	1a时间2矿等3等级4雷电5689易伤7核
92	15532 22622	5	   	262.93	橙4易伤2时间1等级	1a时间2雷电3等级4689易伤5随机矿7核
93	16162 22622	1	   	262.93	橙4易伤2时间1等级	1a时间2等级3矿等4雷电5689易伤7核
94	35532 22622	5	   	262.93	橙4易伤2时间1等级	1雷电2a时间3等级4689易伤5随机矿7核
95	35121 35113	6	 * 	262.79	橙2易伤2伤害2时间3雷电1等级	17a雷电24时间37伤害57易伤6额外掉落7序列升级8等级9核
96	31684 43238	8	   	262.58	橙3易伤2伤害3雷电2等级	147雷电2加一34等级47序列升级57伤害679易伤8平台a核
97	31684 43314	7	   	262.58	橙3易伤2伤害3雷电2等级	147雷电2加一34等级47序列升级57伤害679易伤8核a策反
98	31684 43317	7	   	262.58	橙3易伤2伤害3雷电2等级	147雷电2加一34等级47序列升级57伤害679易伤8核a敌人爆炸
99	31684 43318	7	   	262.58	橙3易伤2伤害3雷电2等级	147雷电2加一34等级47序列升级57伤害679易伤8核a随机矿
100	31644 43323	8	   	262.48	橙3易伤2伤害3雷电2等级	17a雷电2加一34等级57伤害679易伤7序列升级8核
101	31644 43353	9	   	262.48	橙3易伤2伤害3雷电2等级	17a雷电2加一34等级57伤害679易伤7序列升级8核
102	31126 25417	10	 * 	262.46	橙2易伤3伤害2暴击1时间2雷电	19雷电2加一369伤害4时间5a易伤79暴击8核9序列升级
103	31681 32111	5	   	262.42	橙4易伤2等级1伤害2雷电	14雷电2加一34等级4序列升级5689易伤7伤害a核
104	31684 41111	7	   	262.42	橙4易伤2等级1伤害2雷电	14雷电2加一34等级4序列升级5伤害6789易伤a核
105	31314 73744	2	   	261.90	橙4易伤1时间1等级1暴击	1雷电2加一3暴击4时间569a易伤7核8等级
106	31626 35444	8	   	261.90	橙4易伤1时间1等级1暴击	1雷电2加一3等级4时间569a易伤7暴击8核
107	31631 35444	8	   	261.90	橙4易伤1时间1等级1暴击	1雷电2加一3等级469a易伤5时间7暴击8核
108	15143 52221	8	   	261.89	橙3易伤2伤害2时间	18时间2雷电38伤害4平台5额外掉落6核789易伤8序列升级a立即金币
109	15143 52222	8	   	261.89	橙3易伤2伤害2时间	18时间2雷电38伤害4平台5额外掉落6核789易伤8序列升级a最后敌人
110	15143 52223	8	   	261.89	橙3易伤2伤害2时间	18时间2雷电38伤害4平台5额外掉落6核789易伤8序列升级a敌人爆炸
111	15131 35314	6	   	261.79	橙3易伤2伤害2时间	17时间2雷电37伤害4立即金币57a易伤6额外掉落7序列升级8掉矿9核
112	11136 23451	3	   	261.76	橙2易伤3时间2伤害1暴击	15a时间2策反3a伤害4雷电6暴击7赏金邻近8核9a易伤a序列升级
113	11152 23451	4	   	261.76	橙2易伤3时间2伤害1暴击	14a时间2策反3a伤害5雷电6暴击7赏金邻近8核9a易伤a序列升级
114	15122 23451	4	   	261.76	橙2易伤3时间2伤害1暴击	14a时间2雷电3a伤害5策反6暴击7赏金邻近8核9a易伤a序列升级
115	31127 48417	10	   	261.51	橙3易伤2时间1伤害2雷电1攻速1卖塔	19雷电2加一3伤害49时间5卖塔679易伤8核9序列升级a攻速
116	31127 48418	9	   	261.51	橙3易伤2时间1伤害2雷电1攻速1卖塔	19雷电2加一3伤害49时间5卖塔679易伤8核9序列升级a攻速
117	31124 35444	4	   	261.45	橙3易伤2伤害2时间1卖塔	1雷电2加一35伤害45时间5序列升级69a易伤7卖塔8核
118	31124 76444	4	   	261.45	橙3易伤2伤害2时间1卖塔	1雷电2加一35伤害45时间5序列升级6卖塔79a易伤8核
119	35154 35444	3	   	261.45	橙3易伤2伤害2时间1卖塔	1雷电25时间35伤害4加一5序列升级69a易伤7卖塔8核
120	43113 62122	1	   	261.32	橙4易伤2等级1伤害1暴击	18等级247a易伤34矿等4序列升级5暴击6伤害9核
121	43313 62122	1	   	261.32	橙4易伤2等级1伤害1暴击	18等级247a易伤34金币生成4序列升级5暴击6伤害9核
122	11234 25111	3	   	261.26	橙4易伤3时间1全技能	135时间2策反4全技能689a易伤7核
123	46321 12122	4	   	261.22	橙4易伤2等级1伤害1暴击	18等级2矿等3伤害467a易伤5暴击9核
124	43121 12122	1	   	261.22	橙4易伤2等级1伤害1暴击	18等级267a易伤3矿等4伤害5暴击9核
125	43412 23133	1	   	261.10	橙2易伤2伤害1等级1时间1暴击1攻速	1等级24易伤34伤害4序列升级5雷电6暴击7赏金邻近8时间9核a攻速
126	43415 33133	1	   	261.10	橙2易伤2伤害1等级1时间1暴击1攻速	1等级24易伤34伤害4序列升级5暴击6雷电7赏金邻近8时间9核a攻速
127	16354 12123	6	 * 	261.01	橙2易伤3时间2伤害2攻速	126时间3a伤害4策反5a攻速7a易伤8核9挖青a序列升级
128	31126 25134	9	   	260.66	橙3易伤2伤害1时间1暴击	1雷电2加一36伤害4时间58a易伤7暴击9核
129	31128 16444	4	   	260.66	橙3易伤2伤害1时间1暴击	1雷电2加一36伤害4时间5暴击79a易伤8核
130	31314 73146	2	   	260.66	橙3易伤2伤害1时间1暴击	1雷电2加一3暴击4时间569易伤7核8a伤害
131	31314 77446	2	   	260.66	橙3易伤2伤害1时间1暴击	1雷电2加一3暴击4时间569易伤7a伤害8核
132	31126 25444	8	   	260.66	橙3易伤2伤害1时间1暴击	1雷电2加一36伤害4时间59a易伤7暴击8核
133	31126 25444	7	   	260.66	橙3易伤2伤害1时间1暴击	1雷电2加一36伤害4时间59a易伤7暴击8核
134	31126 25464	9	   	260.66	橙3易伤2伤害1时间1暴击	1雷电2加一36伤害4时间59a易伤7暴击8核
135	31126 31446	5	   	260.66	橙3易伤2伤害1时间1暴击	1雷电2加一3a伤害4时间579易伤6暴击8核
136	31127 31446	4	   	260.66	橙3易伤2伤害1时间1暴击	1雷电2加一3a伤害4时间579易伤6暴击8核
137	31128 41446	4	   	260.66	橙3易伤2伤害1时间1暴击	1雷电2加一3a伤害4时间5暴击679易伤8核
138	31126 31177	9	   	260.41	橙3易伤2时间1伤害2雷电1全技能	1a雷电2加一3伤害4a时间59a易伤6额外掉落7全技能8核a序列升级
139	31126 31387	9	   	260.41	橙3易伤2时间1伤害2雷电1全技能	1a雷电2加一3伤害4a时间58a易伤6额外掉落7全技能9核a序列升级
140	31314 73437	2	   	260.23	橙4易伤2时间1暴击	1雷电2加一3暴击48时间569a易伤7核
141	31634 67231	8	   	260.16	橙3易伤3时间1等级2雷电	17雷电2加一3等级478易伤5平台67a时间7序列升级9核
142	31314 43111	7	   	260.15	橙4易伤2伤害2雷电	17雷电2加一3立即金币4金币生成57伤害6789易伤7序列升级a核
143	31374 43111	7	   	260.15	橙4易伤2伤害2雷电	17雷电2加一3立即金币4矿等57伤害6789易伤7序列升级a核
144	11633 13635	3	   	260.10	橙4易伤1伤害1等级1时间	1时间2策反3平台4568易伤7核9等级a伤害
145	13233 13635	3	   	260.10	橙4易伤1伤害1等级1时间	1时间2平台3策反4568易伤7核9等级a伤害
146	13233 13635	2	   	260.10	橙4易伤1伤害1等级1时间	1时间2平台3策反4568易伤7核9等级a伤害
147	31384 43111	7	   	260.05	橙4易伤2伤害2雷电	17雷电2加一3立即金币4掉矿57伤害6789易伤7序列升级a核
148	31384 43711	8	   	260.05	橙4易伤2伤害2雷电	17雷电2加一3立即金币4掉矿57伤害6789易伤7序列升级a核
149	31384 43751	9	   	260.05	橙4易伤2伤害2雷电	17雷电2加一3立即金币4掉矿57伤害6789易伤7序列升级a核
150	44121 23521	4	   	260.04	橙3易伤2伤害2等级2全技能	18等级2最后敌人38伤害46全技能578易伤8序列升级9赏金塔a核
151	35152 22622	2	   	260.01	橙4易伤3时间	1雷电24a时间34最后敌人4序列升级5689易伤7核
152	35252 22622	3	   	260.01	橙4易伤3时间	1雷电24a时间34最后敌人4序列升级5689易伤7核
153	11322 23553	3	 * 	259.93	橙3易伤3时间2攻速1核弹1全技能	158时间2策反38攻速4全技能678易伤8序列升级9核弹a核
154	31621 35126	5	   	259.92	橙3易伤3时间1等级2雷电1卖塔	18雷电2加一3等级458时间689易伤7卖塔8序列升级a核
155	31627 34126	7	   	259.92	橙3易伤3时间1等级2雷电1卖塔	18雷电2加一3等级468时间5卖塔789易伤8序列升级a核
156	31631 25146	5	   	259.92	橙3易伤3时间1等级2雷电1卖塔	18雷电2加一3等级468易伤589时间7卖塔8序列升级a核
157	31631 35146	6	   	259.92	橙3易伤3时间1等级2雷电1卖塔	18雷电2加一3等级468易伤589时间7卖塔8序列升级a核
158	15215 22622	5	   	259.91	橙4易伤3时间	15a时间2雷电3最后敌人4689易伤7核
159	15262 22622	4	   	259.91	橙4易伤3时间	14a时间2雷电3最后敌人5689易伤7核
160	15263 22622	5	   	259.91	橙4易伤3时间	14a时间2雷电3最后敌人5689易伤7核
161	16162 22622	2	   	259.91	橙4易伤3时间	12a时间3低血量敌人4雷电5689易伤7核
162	16262 22622	3	   	259.91	橙4易伤3时间	12a时间3低血量敌人4雷电5689易伤7核
163	16312 22622	2	   	259.91	橙4易伤3时间	12a时间3雷电4低血量敌人5689易伤7核
164	16632 22622	2	   	259.91	橙4易伤3时间	12a时间3基地爆炸4雷电5689易伤7核
165	35215 22622	5	   	259.91	橙4易伤3时间	1雷电25a时间3最后敌人4689易伤7核
166	35262 22622	4	   	259.91	橙4易伤3时间	1雷电24a时间3最后敌人5689易伤7核
167	35263 22622	5	   	259.91	橙4易伤3时间	1雷电24a时间3最后敌人5689易伤7核
168	31215 63333	10	   	259.90	橙4易伤2伤害2雷电1卖塔	1a雷电2加一3最后敌人457a易伤6卖塔8a伤害9核a序列升级
169	52212 11241	3	   	259.86	橙4易伤1伤害1等级1时间1卖塔	1卖塔2等级346a易伤5时间7伤害8额外掉落9核
170	15157 31441	3	   	259.32	橙3易伤1伤害1时间1等级1暴击	1时间2雷电3伤害4加一579易伤6暴击8核a等级
171	15158 41441	3	   	259.32	橙3易伤1伤害1时间1等级1暴击	1时间2雷电3伤害4加一5暴击679易伤8核a等级
172	31126 31441	5	   	259.32	橙3易伤1伤害1时间1等级1暴击	1雷电2加一3伤害4时间579易伤6暴击8核a等级
173	31127 31441	4	   	259.32	橙3易伤1伤害1时间1等级1暴击	1雷电2加一3伤害4时间579易伤6暴击8核a等级
174	31128 41441	4	   	259.32	橙3易伤1伤害1时间1等级1暴击	1雷电2加一3伤害4时间5暴击679易伤8核a等级
175	31314 73141	2	   	259.32	橙3易伤1伤害1时间1等级1暴击	1雷电2加一3暴击4时间569易伤7核8伤害a等级
176	31314 73746	2	   	259.32	橙3易伤1伤害1时间1等级1暴击	1雷电2加一3暴击4时间569易伤7核8等级a伤害
177	31314 77441	2	   	259.32	橙3易伤1伤害1时间1等级1暴击	1雷电2加一3暴击4时间569易伤7伤害8核a等级
178	31631 35446	8	   	259.32	橙3易伤1伤害1时间1等级1暴击	1雷电2加一3等级469易伤5时间7暴击8核a伤害
179	35157 31441	3	   	259.32	橙3易伤1伤害1时间1等级1暴击	1雷电2时间3伤害4加一579易伤6暴击8核a等级
180	35158 41441	3	   	259.32	橙3易伤1伤害1时间1等级1暴击	1雷电2时间3伤害4加一5暴击679易伤8核a等级
181	11311 16616	2	   	259.26	橙3易伤3时间1等级1暴击	178时间2策反378金币生成4矿等5暴击678易伤78序列升级9核a等级
182	11124 14323	8	   	259.21	橙2易伤3时间2伤害1攻速	16a时间2策反3a伤害4双倍矿5攻速7核8雷电9a易伤a序列升级
183	35122 11156	10	   	259.11	橙2易伤3时间2伤害1攻速	1雷电246时间36伤害5随机矿6序列升级78易伤9核a攻速
184	35122 11323	8	   	259.11	橙2易伤3时间2伤害1攻速	1雷电246时间36伤害5随机矿6序列升级7a易伤8攻速9核
185	31124 34326	4	   	259.01	橙2易伤3时间2伤害1攻速	1雷电2加一35伤害458时间5序列升级67易伤9核a攻速
186	31124 34345	4	   	259.01	橙2易伤3时间2伤害1攻速	1雷电2加一35伤害458时间5序列升级67易伤9攻速a核
187	35154 34326	3	   	259.01	橙2易伤3时间2伤害1攻速	1雷电258时间35伤害4加一5序列升级67易伤9核a攻速
188	35154 34345	3	   	259.01	橙2易伤3时间2伤害1攻速	1雷电258时间35伤害4加一5序列升级67易伤9攻速a核
189	11222 23553	2	   	258.78	橙3易伤3时间1伤害1核弹1全技能	158时间28策反3核弹4全技能678易伤8序列升级9伤害a核
190	16221 34631	4	   	258.78	橙3易伤3时间2暴击1全技能	127时间3a低血量敌人4全技能59a易伤6核8a暴击a序列升级
191	31752 14217	9	   	258.76	橙3易伤2伤害3雷电1时间	179雷电2加一3平台49伤害589易伤6核9序列升级a时间
192	52214 21342	3	   	258.72	橙3易伤2伤害2等级1时间1卖塔	1卖塔2a等级34a易伤5平台6时间7金币生成8a伤害9核a序列升级
193	31426 35414	9	 * 	258.71	橙4易伤2暴击1时间2雷电	19雷电2加一3随机矿4时间569a易伤79暴击8核9序列升级
194	42325 13115	5	   	258.71	橙4易伤1伤害1等级2雷电	1等级2金币生成3伤害4567易伤89雷电a核
195	16334 25113	3	   	258.68	橙3易伤3时间1伤害1全技能	125时间3伤害4全技能689易伤7核a策反
196	31633 32111	4	   	258.61	橙4易伤1伤害1等级2雷电	15雷电2加一3等级4689易伤7伤害a核
197	31653 32111	3	   	258.61	橙4易伤1伤害1等级2雷电	15雷电2加一3等级4689易伤7伤害a核
198	43673 32111	1	   	258.61	橙4易伤1伤害1等级2雷电	1等级2689易伤3加一45雷电7伤害a核
199	16334 25112	3	   	258.58	橙3易伤3时间1伤害1全技能	125时间3伤害4全技能689易伤7核a掉矿
200	16334 25133	3	   	258.58	橙3易伤3时间1伤害1全技能	125时间3伤害4全技能68a易伤7核9赏金邻近
201	16325 23353	7	   	258.38	橙2易伤3伤害2时间1等级	12时间378伤害45易伤6敌人爆炸9等级a核
202	33213 63333	3	 * 	258.34	橙4易伤2时间3雷电	138雷电2平台3a序列升级4a时间569a易伤7核
203	33253 63333	4	   	258.34	橙4易伤2时间3雷电	138雷电2平台3a序列升级4a时间569a易伤7核
204	33313 63333	3	   	258.34	橙4易伤2时间3雷电	138雷电2平台4a时间569a易伤7核a序列升级
205	33353 63333	4	   	258.34	橙4易伤2时间3雷电	138雷电2平台4a时间569a易伤7核a序列升级
206	13112 12544	1	 * 	258.34	橙4易伤2时间2暴击	1a时间2赏金塔347a易伤5a暴击6核8挖青9额外掉落a序列升级
207	43412 43232	1	   	258.21	橙3易伤2伤害1等级1攻速	1等级24a易伤34伤害4序列升级5雷电6平台7核8攻速9随机矿
208	31752 14214	10	   	258.17	橙3易伤3伤害3雷电	179雷电2加一3平台49a伤害589易伤6核9序列升级
209	13233 13645	3	 * 	258.11	橙5易伤2时间	1a时间2平台3策反4568a易伤7核9a低血量敌人a序列升级
210	13233 13645	2	   	258.11	橙5易伤2时间	1a时间2平台3策反4568a易伤7核9a低血量敌人a序列升级
211	33542 23334	10	   	258.11	橙3易伤2伤害1等级1攻速	1雷电2平台357易伤48伤害6等级9攻速a核
212	52212 14123	3	 * 	258.09	橙4易伤2时间2等级1卖塔	1卖塔28等级346a易伤57时间9核
213	15131 35113	6	   	257.78	橙2易伤2伤害2时间1等级2雷电	17时间2a雷电37伤害4立即金币57易伤6额外掉落7序列升级8等级9核
214	35121 35111	6	   	257.78	橙2易伤2伤害2时间1等级2雷电	17雷电24时间37伤害57易伤6额外掉落7序列升级8等级9核a基地爆炸
215	35121 35112	6	   	257.78	橙2易伤2伤害2时间1等级2雷电	17雷电24时间37伤害57易伤6额外掉落7序列升级8等级9核a金币生成
216	31623 23537	9	   	257.68	橙2易伤2伤害2时间1等级2雷电	18雷电2加一3等级48时间5低血量敌人6a伤害78易伤8序列升级9核
217	15121 26323	5	   	257.67	橙2易伤3时间1伤害1等级1攻速	147时间2雷电3伤害5a易伤6攻速8等级9核
218	15123 33553	10	   	257.67	橙2易伤3时间1伤害1等级1攻速	145时间2雷电3伤害67易伤8攻速9核a等级
219	35121 26323	5	   	257.67	橙2易伤3时间1伤害1等级1攻速	1雷电247时间3伤害5a易伤6攻速8等级9核
220	35123 33553	10	   	257.67	橙2易伤3时间1伤害1等级1攻速	1雷电245时间3伤害67易伤8攻速9核a等级
221	12123 66131	4	   	257.66	橙3易伤3时间2雷电1暴击	16a时间2a最后敌人3暴击46雷电5赏金塔6a序列升级78a易伤9核
222	12152 66131	3	   	257.66	橙3易伤3时间2雷电1暴击	16a时间2a最后敌人3暴击4赏金塔56雷电6a序列升级78a易伤9核
223	31314 73154	2	   	257.65	橙3易伤2时间1伤害1暴击	1雷电2加一3暴击49时间56a易伤7核8伤害
224	31314 73424	2	   	257.65	橙3易伤2时间1伤害1暴击	1雷电2加一3暴击48时间56a易伤7核9伤害
225	31314 77454	2	   	257.65	橙3易伤2时间1伤害1暴击	1雷电2加一3暴击49时间56a易伤7伤害8核
226	31126 31454	5	   	257.65	橙3易伤2时间1伤害1暴击	1雷电2加一3伤害49时间57a易伤6暴击8核
227	31127 31454	4	   	257.65	橙3易伤2时间1伤害1暴击	1雷电2加一3伤害49时间57a易伤6暴击8核
228	31128 41454	4	   	257.65	橙3易伤2时间1伤害1暴击	1雷电2加一3伤害49时间5暴击67a易伤8核
229	31314 33144	2	   	257.65	橙3易伤2时间1伤害1暴击	1雷电2加一3暴击46时间59a易伤7核8伤害
230	31314 37444	2	   	257.65	橙3易伤2时间1伤害1暴击	1雷电2加一3暴击46时间59a易伤7伤害8核
231	16323 66131	2	   	257.56	橙3易伤3时间2雷电1暴击	12a时间3a雷电4赏金塔5最后敌人6暴击78a易伤9核a序列升级
232	14122 43326	3	   	257.53	橙3易伤3时间1伤害	14a时间2a金币生成3伤害5雷电6平台7核89a易伤a序列升级
233	31644 43285	8	   	257.47	橙3易伤2伤害2等级2雷电	17雷电2加一34等级57伤害67a易伤7序列升级8基地爆炸9核
234	31644 43314	9	   	257.47	橙3易伤2伤害2等级2雷电	17雷电2加一34等级57伤害67a易伤7序列升级8核9低血量敌人
235	31644 43315	8	   	257.47	橙3易伤2伤害2等级2雷电	17雷电2加一34等级57伤害67a易伤7序列升级8核9敌人爆炸
236	31644 43321	8	   	257.47	橙3易伤2伤害2等级2雷电	17雷电2加一34等级57伤害679易伤7序列升级8核a金币生成
237	31644 43324	10	   	257.47	橙3易伤2伤害2等级2雷电	17雷电2加一34等级57伤害67a易伤7序列升级8核9敌人爆炸
238	31644 43325	9	   	257.47	橙3易伤2伤害2等级2雷电	17雷电2加一34等级57伤害67a易伤7序列升级8核9敌人爆炸
239	31644 43326	8	   	257.47	橙3易伤2伤害2等级2雷电	17雷电2加一34等级57伤害679易伤7序列升级8核a最后敌人
240	31644 43334	8	   	257.47	橙3易伤2伤害2等级2雷电	17雷电2加一34等级57伤害67a易伤7序列升级8核9金币生成
241	31644 43344	8	   	257.47	橙3易伤2伤害2等级2雷电	17雷电2加一34等级57伤害67a易伤7序列升级8核9矿等
242	31644 43351	9	   	257.47	橙3易伤2伤害2等级2雷电	17雷电2加一34等级57伤害679易伤7序列升级8核a金币生成
243	31644 43352	10	   	257.47	橙3易伤2伤害2等级2雷电	17雷电2加一34等级57伤害679易伤7序列升级8核a敌人爆炸
244	31644 43354	10	   	257.47	橙3易伤2伤害2等级2雷电	17雷电2加一34等级57伤害679易伤7序列升级8核a最后敌人
245	31644 43356	9	   	257.47	橙3易伤2伤害2等级2雷电	17雷电2加一34等级57伤害679易伤7序列升级8核a最后敌人
246	31644 43357	10	   	257.47	橙3易伤2伤害2等级2雷电	17雷电2加一34等级57伤害679易伤7序列升级8核a基地爆炸
247	31644 43384	8	   	257.47	橙3易伤2伤害2等级2雷电	17雷电2加一34等级57伤害67a易伤7序列升级8核9随机矿
248	31644 43611	8	   	257.47	橙3易伤2伤害2等级2雷电	17雷电2加一34等级57伤害679易伤7序列升级8双倍矿a核
249	31644 43651	9	   	257.47	橙3易伤2伤害2等级2雷电	17雷电2加一34等级57伤害679易伤7序列升级8双倍矿a核
250	15311 26131	2	   	257.46	橙3易伤3时间2雷电1暴击	14a时间2a雷电3暴击5挖尘6赏金塔78a易伤9核a序列升级
251	35311 26131	2	   	257.46	橙3易伤3时间2雷电1暴击	1a雷电24a时间3暴击5挖尘6赏金塔78a易伤9核a序列升级
252	31127 47411	9	   	257.44	橙2易伤2伤害2时间1等级2雷电1卖塔	19雷电2加一37伤害49时间5卖塔69易伤8核9序列升级a等级
253	15125 11153	10	   	257.43	橙3易伤3时间1伤害	146时间2雷电3伤害56策反6序列升级78a易伤9核
254	31644 43325	8	   	257.37	橙3易伤2伤害2等级2雷电	17雷电2加一34等级57伤害679易伤7序列升级8核a挖尘
255	31644 43334	9	   	257.37	橙3易伤2伤害2等级2雷电	17雷电2加一34等级57伤害67a易伤7序列升级8核9掉矿
256	31644 43351	10	   	257.37	橙3易伤2伤害2等级2雷电	17雷电2加一34等级57伤害679易伤7序列升级8核a掉矿
257	31644 43355	9	   	257.37	橙3易伤2伤害2等级2雷电	17雷电2加一34等级57伤害679易伤7序列升级8核a挖尘
258	31644 43358	10	   	257.37	橙3易伤2伤害2等级2雷电	17雷电2加一34等级57伤害679易伤7序列升级8核a挖青
259	31644 43373	9	 * 	257.37	橙3易伤2伤害3等级2雷电	17雷电2加一349等级57伤害67a易伤7序列升级8核
260	15123 32153	10	   	257.33	橙3易伤3时间1伤害	145时间2雷电3伤害68a易伤7矿等9核
261	15123 33153	10	   	257.33	橙3易伤3时间1伤害	145时间2雷电3伤害67a易伤8策反9核
262	15123 51153	10	   	257.33	橙3易伤3时间1伤害	145时间2雷电3伤害6金币生成78a易伤9核
263	15423 33333	10	   	257.33	橙3易伤3时间1伤害	145时间2雷电3策反67a易伤8核9伤害
264	16325 12153	10	   	257.33	橙3易伤3时间1伤害	126时间3伤害45a易伤7雷电8策反9核
265	35123 32153	10	   	257.33	橙3易伤3时间1伤害	1雷电245时间3伤害68a易伤7矿等9核
266	35123 33153	10	   	257.33	橙3易伤3时间1伤害	1雷电245时间3伤害67a易伤8策反9核
267	35123 51153	10	   	257.33	橙3易伤3时间1伤害	1雷电245时间3伤害6金币生成78a易伤9核
268	35423 33333	10	   	257.33	橙3易伤3时间1伤害	1雷电245时间3策反67a易伤8核9伤害
269	43412 52212	1	   	257.32	橙2易伤3伤害2等级2雷电1攻速	18等级24易伤348伤害48序列升级58雷电6双倍物品7核9攻速a金币生成
270	43412 52213	1	   	257.32	橙2易伤3伤害2等级2雷电1攻速	18等级24易伤348伤害48序列升级58雷电6双倍物品7核9攻速a低血量敌人
271	16325 11624	8	   	257.23	橙3易伤3时间1伤害	126时间3伤害458易伤7加一9雷电a核
272	16325 11724	5	   	257.23	橙3易伤3时间1伤害	128时间3伤害456易伤7加一9雷电a核
273	43412 52211	1	   	257.22	橙2易伤3伤害2等级2雷电1攻速	18等级24易伤348伤害48序列升级58雷电6双倍物品7核9攻速a挖尘
274	43624 44438	1	   	257.13	橙4易伤2等级1伤害1全技能	19等级257a易伤3加一4全技能6伤害8核
275	31157 21111	3	 * 	257.02	橙4易伤2攻速1伤害	1雷电2加一3伤害4589易伤67攻速a核
276	31156 21111	3	   	257.02	橙4易伤2攻速1伤害	1雷电2加一3伤害4689易伤57攻速a核
277	31684 43322	7	 * 	256.88	橙2易伤2伤害2攻速3雷电2等级	147雷电2加一34等级47序列升级57伤害67易伤8核9a攻速
278	35143 52233	9	   	256.85	橙2易伤2伤害1等级1时间2雷电1暴击	18雷电2时间38伤害4平台5额外掉落6核78易伤8序列升级9暴击a等级
279	31127 47416	9	   	256.84	橙2易伤3伤害2时间2雷电1卖塔	19雷电2加一37a伤害49时间5卖塔69易伤8核9序列升级
280	31113 24411	9	   	256.75	橙2易伤2伤害1等级1时间2雷电1暴击	19雷电2加一39伤害4立即金币5时间6暴击79易伤8核9序列升级a等级
281	13122 32414	2	   	256.64	橙4易伤2时间1全技能	17时间2平台3678易伤467金币生成5全技能67序列升级9雷电a核
282	13133 32414	2	   	256.64	橙4易伤2时间1全技能	17时间2平台3678易伤4全技能567金币生成67序列升级9雷电a核
283	13112 14532	1	   	256.54	橙3易伤2时间1等级1暴击1攻速	18时间2赏金塔34a易伤5暴击6核7攻速9等级
284	43412 23134	1	   	256.41	橙2易伤2伤害2暴击1等级1时间	1等级24易伤34伤害4序列升级5雷电6a暴击7赏金邻近8时间9核
285	16321 11126	4	   	256.27	橙2易伤2伤害2时间1等级1暴击	12时间37伤害46易伤5暴击8等级9赏金邻近a核
286	43113 61122	1	   	256.26	橙3易伤2伤害2等级1暴击	18等级24a易伤34矿等4序列升级5暴击67伤害9核
287	43313 61122	1	   	256.26	橙3易伤2伤害2等级1暴击	18等级24a易伤34金币生成4序列升级5暴击67伤害9核
288	43415 22121	1	   	256.26	橙3易伤2伤害2等级1暴击	18等级247易伤34伤害4序列升级5暴击6随机矿9核a双倍矿
289	43415 23123	1	   	256.26	橙3易伤2伤害2等级1暴击	18等级24a易伤34伤害4序列升级5暴击6随机矿7双倍矿9核
290	14225 13226	10	   	256.21	橙3易伤3时间1等级1攻速	136时间2金币生成45a易伤7攻速8等级9核
291	31752 14216	9	   	256.16	橙3易伤2伤害3雷电1暴击	179雷电2加一3平台49伤害589易伤6核9序列升级a暴击
292	43121 11122	1	   	256.16	橙3易伤2伤害2等级1暴击	18等级26a易伤3矿等47伤害5暴击9核
293	43415 22122	1	   	256.16	橙3易伤2伤害2等级1暴击	18等级247易伤34伤害4序列升级5暴击6随机矿9核a掉矿
294	43425 22123	1	   	256.16	橙3易伤2伤害2等级1暴击	18等级27a易伤34伤害5暴击6随机矿9核
295	46321 11122	4	   	256.16	橙3易伤2伤害2等级1暴击	18等级2矿等37伤害46a易伤5暴击9核
296	31113 24416	9	   	256.15	橙2易伤3伤害1时间2雷电1暴击	19雷电2加一39a伤害4立即金币5时间6暴击79易伤8核9序列升级
297	31144 24413	10	   	256.15	橙2易伤3伤害1时间2雷电1暴击	19雷电2加一359伤害4最后敌人6暴击79易伤8核9序列升级a时间
298	31426 35416	9	 * 	256.13	橙3易伤2暴击1伤害1时间2雷电	19雷电2加一3随机矿4时间569易伤79暴击8核9序列升级a伤害
299	33542 15311	6	   	256.11	橙4易伤1伤害2雷电1暴击	16雷电2平台3579易伤4伤害8暴击a核
300	33163 22111	2	   	256.11	橙4易伤1伤害2雷电1暴击	14雷电2平台3589易伤6暴击7伤害a核
301	33563 22111	3	   	256.11	橙4易伤1伤害2雷电1暴击	14雷电2平台3589易伤6暴击7伤害a核
302	31624 53533	9	   	256.03	橙3易伤2等级1伤害1时间2雷电	18雷电2加一38等级4时间5伤害6挖青78a易伤8序列升级9核
303	31684 41322	8	   	256.03	橙3易伤2等级1伤害1时间2雷电	14雷电2加一34等级4序列升级5伤害679易伤8核a时间
304	31684 41352	9	   	256.03	橙3易伤2等级1伤害1时间2雷电	14雷电2加一34等级4序列升级5伤害679易伤8核a时间
305	31624 43735	10	   	256.03	橙3易伤1伤害2等级1时间2雷电	18雷电2加一38等级4时间5伤害678易伤8序列升级9掉矿a核
306	21122 22524	5	   	255.94	橙3易伤3伤害2全技能	18低血量敌人25策反358伤害49全技能58序列升级678易伤a核
307	24122 22524	5	   	255.94	橙3易伤3伤害2全技能	18低血量敌人25金币生成358伤害49全技能58序列升级678易伤a核
308	51421 21611	1	   	255.91	橙2易伤3时间2伤害1等级1卖塔	1卖塔28易伤378时间4矿等5等级68伤害8序列升级9核a立即金币
309	51421 21612	1	   	255.91	橙2易伤3时间2伤害1等级1卖塔	1卖塔28易伤378时间4矿等5等级68伤害8序列升级9核a低血量敌人
310	33143 22161	2	 * 	255.87	橙4易伤2暴击1伤害	1雷电2平台3458易伤69暴击7伤害a核
311	33543 22161	3	   	255.87	橙4易伤2暴击1伤害	1雷电2平台3458易伤69暴击7伤害a核
312	21121 22544	4	   	255.84	橙3易伤3伤害2全技能	18低血量敌人2策反389伤害46全技能578易伤8序列升级a核
313	43412 22314	1	   	255.81	橙2易伤3伤害2暴击1等级	1等级24易伤349伤害4序列升级5雷电68暴击7挖尘a核
314	31636 32111	5	   	255.77	橙4易伤2等级1伤害	1雷电2加一35等级4689易伤7伤害a核
315	31641 32111	5	   	255.77	橙4易伤2等级1伤害	1雷电2加一34等级5689易伤7伤害a核
316	31644 41111	7	   	255.77	橙4易伤2等级1伤害	1雷电2加一34等级5伤害6789易伤a核
317	31126 74218	9	 * 	255.76	橙3易伤2时间3雷电1伤害	179雷电2加一3伤害49时间589易伤6平台9序列升级a核
318	35123 66131	2	 * 	255.76	橙3易伤2时间3雷电2暴击	16a雷电2a时间3最后敌人46暴击5赏金塔6a序列升级78a易伤9核
319	35223 66131	3	   	255.76	橙3易伤2时间3雷电2暴击	16a雷电2a时间3最后敌人46暴击5赏金塔6a序列升级78a易伤9核
320	35122 23451	4	   	255.08	橙2易伤2伤害2时间2雷电1暴击	1a雷电24时间3a伤害5策反6暴击7赏金邻近8核9a易伤a序列升级
321	15123 33552	10	   	255.07	橙2易伤3时间1伤害1暴击1攻速	145时间2雷电3伤害67易伤8攻速9核a暴击
322	35123 33552	10	   	255.07	橙2易伤3时间1伤害1暴击1攻速	1雷电245时间3伤害67易伤8攻速9核a暴击
323	43413 23384	1	   	254.95	橙3易伤2伤害1时间1等级	1等级248易伤34伤害4序列升级5加一6时间7挖尘9低血量敌人a核
324	31127 47415	10	   	254.84	橙2易伤2伤害2时间2雷电1暴击1卖塔	19雷电2加一37伤害49时间5卖塔69易伤8核9序列升级a暴击
