0	Index      	Bounty	 *	Score 	Summary	Detail	
1	13114 16111	1	 * 	275.77	橙3易伤3伤害2攻速1时间	19攻速29a易伤3低血量敌人4时间579伤害6核8加一9序列升级
2	15114 16111	3	   	275.77	橙3易伤3伤害2攻速1时间	19攻速29a易伤3低血量敌人4时间579伤害6核8加一9序列升级
3	15114 16111	2	   	275.77	橙3易伤3伤害2攻速1时间	19攻速29a易伤3低血量敌人4时间579伤害6核8加一9序列升级
4	12234 31152	10	 * 	274.80	橙3易伤2伤害2时间2攻速	1a攻速26时间3a矿等4挖尘567易伤6a序列升级8核9a伤害
5	12434 31152	10	   	274.80	橙3易伤2伤害2时间2攻速	1a攻速26时间3a金币生成4挖尘567易伤6a序列升级8核9a伤害
6	13114 15112	1	   	274.70	橙3易伤2伤害2时间2攻速	19攻速29a易伤3低血量敌人47时间59伤害6核8加一9序列升级
7	15114 15112	3	   	274.70	橙3易伤2伤害2时间2攻速	19攻速29a易伤3低血量敌人47时间59伤害6核8加一9序列升级
8	15114 15112	2	   	274.70	橙3易伤2伤害2时间2攻速	19攻速29a易伤3低血量敌人47时间59伤害6核8加一9序列升级
9	12144 16112	5	   	274.70	橙3易伤2伤害2时间2攻速	19攻速29时间3低血量敌人47伤害59a易伤6核8加一9序列升级
10	13241 11488	1	 * 	273.64	橙3易伤3时间3攻速1暴击	19a攻速29a易伤3额外掉落4暴击5金币生成6加一79a时间8核9a序列升级
11	13242 11488	1	   	273.54	橙3易伤3时间3攻速1暴击	19a攻速29a易伤3额外掉落4暴击5掉矿6加一79a时间8核9a序列升级
12	12144 15113	5	 * 	270.33	橙3易伤3时间2攻速1伤害	19攻速279时间3低血量敌人4伤害59a易伤6核8加一9序列升级
13	14611 31533	7	 * 	269.52	橙2易伤3时间2伤害2攻速	18攻速2平台358时间45易伤58序列升级6金币生成78伤害9雷电a核
14	11415 26213	7	 * 	269.51	橙4易伤3攻速2时间	137攻速2随机矿379序列升级4579易伤679基地爆炸89时间a核
15	12225 11412	7	   	269.31	橙4易伤3攻速2时间	149攻速28时间39矿等579a易伤6核9序列升级
16	12225 61412	5	   	269.31	橙4易伤3攻速2时间	149攻速28时间39矿等569a易伤7核9序列升级
17	12254 31412	6	   	269.31	橙4易伤3攻速2时间	169攻速28时间39矿等459a易伤7核9序列升级
18	12425 11412	7	   	269.31	橙4易伤3攻速2时间	149攻速28时间39金币生成579a易伤6核9序列升级
19	12154 31133	9	 * 	269.02	橙5易伤2时间1攻速	1攻速26时间3低血量敌人4矿等5679a易伤6序列升级8核
20	12154 31134	10	   	269.02	橙5易伤2时间1攻速	1攻速26时间3低血量敌人4矿等5679a易伤6序列升级8核
21	12244 31134	10	   	269.02	橙5易伤2时间1攻速	1攻速26时间3矿等4敌人爆炸5679a易伤6序列升级8核
22	12244 31136	9	   	269.02	橙5易伤2时间1攻速	1攻速26时间3矿等4敌人爆炸5679a易伤6序列升级8核
23	12654 31133	9	   	269.02	橙5易伤2时间1攻速	1攻速26时间3最后敌人4矿等5679a易伤6序列升级8核
24	12234 31133	9	   	268.92	橙5易伤2时间1攻速	1攻速26时间3矿等4挖尘5679a易伤6序列升级8核
25	12234 31134	10	   	268.92	橙5易伤2时间1攻速	1攻速26时间3矿等4挖尘5679a易伤6序列升级8核
26	25323 23234	7	 * 	268.63	橙3易伤3暴击2攻速1伤害1时间	1矿等26a易伤3时间4掉矿56a暴击6a序列升级7核8伤害9a攻速
27	32654 11123	7	   	267.77	橙5易伤2时间1全技能	19a最后敌人2457a易伤3a时间6核8全技能a序列升级
28	32654 11133	7	   	267.77	橙5易伤2时间1全技能	1a最后敌人2457a易伤3a时间6核8全技能9立即金币a序列升级
29	52354 11133	7	   	267.77	橙5易伤2时间1全技能	1a低血量敌人2457a易伤3a时间6核8全技能9双倍矿a序列升级
30	13123 46612	10	 * 	267.44	橙3易伤2伤害3全技能2攻速	18攻速2掉矿345全技能68伤害789易伤8序列升级a核
31	42135 16233	1	 * 	267.20	橙2易伤2伤害2时间2暴击1攻速1全技能	1挖青2a时间3a易伤47伤害5攻速6核8全技能9a暴击a序列升级
32	11411 16143	6	 * 	266.73	橙3易伤3攻速2时间1伤害	139攻速2随机矿39序列升级49a易伤5最后敌人6核7伤害89时间
33	11431 12343	7	   	266.73	橙3易伤3攻速2时间1伤害	139攻速2随机矿39序列升级49时间5最后敌人6核7伤害89a易伤
34	11434 12343	7	   	266.73	橙3易伤3攻速2时间1伤害	139攻速2随机矿39序列升级49时间5基地爆炸6核7伤害89a易伤
35	11435 11163	10	   	266.73	橙3易伤3攻速2时间1伤害	139攻速28随机矿39序列升级49时间579易伤6核a伤害
36	11433 12343	7	   	266.63	橙3易伤3攻速2时间1伤害	139攻速2随机矿39序列升级49时间5挖尘6核7伤害89a易伤
37	11435 14133	7	   	266.63	橙3易伤3攻速2时间1伤害	137攻速2随机矿37序列升级47时间57a易伤6核8加一9伤害
38	13315 22516	1	 * 	266.60	橙4易伤2伤害2攻速	18攻速2789易伤3金币生成4敌人爆炸5平台68伤害8序列升级a核
39	13512 42612	1	   	265.82	橙3易伤2伤害2攻速1暴击	17攻速278易伤3暴击4挖青5雷电67伤害7序列升级9最后敌人a核
40	52322 15112	5	   	265.70	橙3易伤2时间1伤害1等级1暴击	1低血量敌人28a易伤37时间4暴击5等级6伤害9核
41	32656 13112	6	   	265.16	橙4易伤2攻速1伤害1时间	19最后敌人249a易伤3时间5伤害6加一7核89攻速9序列升级
42	62252 62113	9	 * 	264.83	橙5易伤2伤害	135基地爆炸2459a易伤5序列升级67伤害8核
43	21344 31413	7	 * 	263.57	紫5易伤2伤害2时间	169矿等2核38时间49伤害5679a易伤69序列升级
44	32654 11312	10	 * 	263.49	橙5易伤2等级1时间	1a最后敌人2457a易伤3时间6核8敌人爆炸9a等级a序列升级
45	32654 21112	10	   	263.49	橙5易伤2等级1时间	1a最后敌人2457a易伤3时间6低血量敌人8核9a等级a序列升级
46	52354 11312	10	   	263.49	橙5易伤2等级1时间	1a低血量敌人2457a易伤3时间6核8敌人爆炸9a等级a序列升级
47	25341 31134	10	   	263.49	橙5易伤1伤害1时间	1矿等2679a易伤3时间4伤害56敌人爆炸6序列升级8核
48	25341 31136	9	   	263.49	橙5易伤1伤害1时间	1矿等2679a易伤3时间4伤害56敌人爆炸6序列升级8核
49	26344 31133	9	   	263.49	橙5易伤1伤害1时间	1矿等26最后敌人3时间4伤害5679a易伤6序列升级8核
50	12124 16111	3	 * 	263.44	橙2易伤3伤害2时间2攻速	19攻速29时间3低血量敌人4a易伤579伤害6核8加一9序列升级
51	12124 16111	2	   	263.44	橙2易伤3伤害2时间2攻速	19攻速29时间3低血量敌人4a易伤579伤害6核8加一9序列升级
52	12524 16111	3	   	263.44	橙2易伤3伤害2时间2攻速	19攻速29时间3基地爆炸4a易伤579伤害6核8加一9序列升级
53	12624 16111	3	   	263.44	橙2易伤3伤害2时间2攻速	19攻速29时间3最后敌人4a易伤579伤害6核8加一9序列升级
54	13114 15114	1	   	263.44	橙2易伤3伤害2时间2攻速	19攻速29易伤3低血量敌人47时间59a伤害6核8加一9序列升级
55	15114 15114	2	   	263.44	橙2易伤3伤害2时间2攻速	19攻速29易伤3低血量敌人47时间59a伤害6核8加一9序列升级
56	15114 15114	3	   	263.44	橙2易伤3伤害2时间2攻速	19攻速29易伤3低血量敌人47时间59a伤害6核8加一9序列升级
57	16124 16111	1	   	263.44	橙2易伤3伤害2时间2攻速	19攻速29时间3低血量敌人4a易伤579伤害6核8加一9序列升级
58	12144 16114	5	   	263.44	橙2易伤3伤害2时间2攻速	19攻速29时间3低血量敌人47a伤害59易伤6核8加一9序列升级
59	25344 21133	9	   	263.39	橙5易伤1伤害1时间	1矿等2579a易伤3时间4伤害6低血量敌人8核
60	32654 11133	10	   	263.39	橙5易伤1伤害1时间	1最后敌人24579易伤3时间6核8随机矿a伤害
61	32654 11212	10	   	263.39	橙5易伤2等级1时间	1a最后敌人2457a易伤3时间6核8挖尘9a等级a序列升级
62	52354 11133	10	   	263.39	橙5易伤1伤害1时间	1低血量敌人24579易伤3时间6核8随机矿a伤害
63	52354 11212	10	   	263.39	橙5易伤2等级1时间	1a低血量敌人2457a易伤3时间6核8挖尘9a等级a序列升级
64	42135 16111	1	   	263.34	橙2易伤3伤害2时间2攻速	1挖青29时间3a易伤479伤害59攻速6核8加一9序列升级
65	22344 31133	9	   	263.29	橙5易伤1伤害1时间	1矿等26挖尘3时间4伤害5679a易伤6序列升级8核
66	22344 31134	10	   	263.29	橙5易伤1伤害1时间	1矿等26挖尘3时间4伤害5679a易伤6序列升级8核
67	25342 31133	9	   	263.29	橙5易伤1伤害1时间	1矿等2679a易伤3时间4伤害56挖尘6序列升级8核
68	25342 31134	10	   	263.29	橙5易伤1伤害1时间	1矿等2679a易伤3时间4伤害56挖尘6序列升级8核
69	25344 11233	9	   	263.29	橙5易伤1伤害1时间	1矿等2579a易伤3时间4伤害6核8挖尘
70	12631 66321	2	   	263.19	橙3易伤3攻速1等级1时间2雷电	189攻速2时间38雷电4低血量敌人5等级68a易伤7核8序列升级
71	12254 11431	10	   	263.16	橙4易伤1伤害1时间1攻速	1攻速2时间3矿等457a易伤6核8雷电9伤害
72	14611 61232	9	   	263.15	橙3易伤2时间1伤害1等级1攻速	1攻速2平台35时间45a易伤5序列升级6等级7伤害8敌人爆炸9核
73	14611 31153	5	   	263.13	橙4易伤2时间1暴击1攻速	1攻速2平台35时间4569易伤5序列升级7低血量敌人8核a暴击
74	12124 31162	8	   	263.03	橙4易伤2时间1暴击1攻速	1攻速26时间3低血量敌人4掉矿567a易伤6序列升级8核9暴击
75	12624 31162	8	   	263.03	橙4易伤2时间1暴击1攻速	1攻速26时间3最后敌人4掉矿567a易伤6序列升级8核9暴击
76	42135 15233	1	 * 	262.84	橙2易伤3时间1伤害2暴击1攻速1全技能	1挖青27a时间3a易伤4伤害5攻速6核8全技能9a暴击a序列升级
77	12154 31326	10	 * 	262.70	橙4易伤3时间1攻速	1攻速268时间3低血量敌人4矿等5679易伤6序列升级a核
78	12244 31326	10	   	262.70	橙4易伤3时间1攻速	1攻速268时间3矿等4敌人爆炸5679易伤6序列升级a核
79	12124 31326	10	   	262.60	橙4易伤3时间1攻速	1攻速268时间3低血量敌人4掉矿5679易伤6序列升级a核
80	12234 31326	10	   	262.60	橙4易伤3时间1攻速	1攻速268时间3矿等4挖尘5679易伤6序列升级a核
81	12434 31326	10	   	262.60	橙4易伤3时间1攻速	1攻速268时间3金币生成4挖尘5679易伤6序列升级a核
82	12624 31326	10	   	262.60	橙4易伤3时间1攻速	1攻速268时间3最后敌人4掉矿5679易伤6序列升级a核
83	32634 14133	7	   	261.66	橙4易伤3时间1全技能	17a最后敌人257a易伤37a时间49立即金币6核7a序列升级8全技能
84	52334 14133	7	   	261.66	橙4易伤3时间1全技能	17a低血量敌人257a易伤37a时间4立即金币6核7a序列升级8全技能9双倍矿
85	32654 11123	6	   	261.46	橙4易伤3时间1全技能	19a最后敌人245a易伤37a时间6核8全技能a序列升级
86	32654 11133	6	   	261.46	橙4易伤3时间1全技能	1a最后敌人245a易伤37a时间6核8全技能9立即金币a序列升级
87	52354 11133	6	   	261.46	橙4易伤3时间1全技能	1a低血量敌人245a易伤37a时间6核8全技能9双倍矿a序列升级
88	32664 11123	7	   	261.46	橙4易伤3时间1全技能	19a最后敌人257a易伤34a时间6核8全技能a序列升级
89	32664 11133	7	   	261.46	橙4易伤3时间1全技能	1a最后敌人257a易伤34a时间6核8全技能9立即金币a序列升级
90	52364 11133	7	   	261.46	橙4易伤3时间1全技能	1a低血量敌人257a易伤34a时间6核8全技能9双倍矿a序列升级
91	25346 21133	9	   	261.44	橙4易伤2伤害1时间	1矿等279a易伤3时间45伤害6低血量敌人8核
92	13114 15113	1	   	261.44	橙2易伤2伤害2时间2攻速1暴击	19攻速29易伤3低血量敌人47时间59伤害6核8加一9序列升级a暴击
93	15114 15113	2	   	261.44	橙2易伤2伤害2时间2攻速1暴击	19攻速29易伤3低血量敌人47时间59伤害6核8加一9序列升级a暴击
94	15114 15113	3	   	261.44	橙2易伤2伤害2时间2攻速1暴击	19攻速29易伤3低血量敌人47时间59伤害6核8加一9序列升级a暴击
95	12144 16113	5	   	261.44	橙2易伤2伤害2时间2攻速1暴击	19攻速29时间3低血量敌人47伤害59易伤6核8加一9序列升级a暴击
96	22344 31153	9	   	261.34	橙4易伤2伤害1时间	1矿等26挖尘3时间49伤害567a易伤6序列升级8核
97	25342 31153	9	   	261.34	橙4易伤2伤害1时间	1矿等267a易伤3时间49伤害56挖尘6序列升级8核
98	25344 13132	9	   	261.34	橙4易伤2伤害1时间	1矿等259a易伤3时间48伤害6核7掉矿
99	25344 13133	10	   	261.34	橙4易伤2伤害1时间	1矿等259a易伤3时间48伤害6核7掉矿
100	25346 11233	9	   	261.34	橙4易伤2伤害1时间	1矿等279a易伤3时间45伤害6核8挖尘
101	23161 16312	6	 * 	261.04	橙4易伤3伤害	19矿等23低血量敌人489a易伤579伤害6核9序列升级
102	23165 61312	1	   	261.04	橙4易伤3伤害	19矿等268a易伤39低血量敌人459伤害7核9序列升级
103	25146 11312	7	   	261.04	橙4易伤3伤害	19矿等278a易伤39低血量敌人459伤害6核9序列升级
104	12124 15113	2	   	261.01	橙2易伤3时间2伤害2攻速	19攻速279时间3低血量敌人4a易伤59伤害6核8加一9序列升级
105	12124 15113	3	   	261.01	橙2易伤3时间2伤害2攻速	19攻速279时间3低血量敌人4a易伤59伤害6核8加一9序列升级
106	12624 15113	3	   	261.01	橙2易伤3时间2伤害2攻速	19攻速279时间3最后敌人4a易伤59伤害6核8加一9序列升级
107	16124 15113	1	   	261.01	橙2易伤3时间2伤害2攻速	19攻速279时间3低血量敌人4a易伤59伤害6核8加一9序列升级
108	42135 15113	1	   	260.91	橙2易伤3时间2伤害2攻速	1挖青279时间3a易伤49伤害59攻速6核8加一9序列升级
109	32225 33563	2	   	260.76	橙3易伤2伤害1等级1暴击	1最后敌人236易伤4暴击5等级7核8雷电9a伤害
110	12234 31153	9	   	260.45	橙3易伤2时间1伤害1暴击1攻速	1攻速26时间3矿等4挖尘567易伤6序列升级8核9伤害a暴击
111	12434 31153	9	   	260.45	橙3易伤2时间1伤害1暴击1攻速	1攻速26时间3金币生成4挖尘567易伤6序列升级8核9伤害a暴击
112	15225 16323	5	   	260.32	橙3易伤3攻速2时间1暴击	148攻速258易伤3矿等6策反78时间8序列升级9暴击a核
113	12225 11415	7	   	260.32	橙3易伤3攻速2时间1暴击	149攻速28时间39矿等579易伤6核9序列升级a暴击
114	12254 16133	9	   	260.21	橙3易伤2伤害2攻速1时间	19攻速2时间39矿等45a易伤6核7金币生成89伤害9序列升级
115	12254 11252	10	   	260.11	橙3易伤2伤害2攻速1时间	1a攻速2时间3a矿等457易伤6核8挖尘9a伤害a序列升级
116	12254 13134	10	   	260.11	橙3易伤2伤害2攻速1时间	19攻速2时间39矿等45a易伤6核7掉矿89伤害9序列升级
117	32635 16112	2	   	260.11	橙3易伤2伤害2攻速1时间	19最后敌人29a易伤3时间47伤害59攻速6核8加一9序列升级
118	32635 16112	3	   	260.11	橙3易伤2伤害2攻速1时间	19最后敌人29a易伤3时间47伤害59攻速6核8加一9序列升级
119	32656 13114	6	   	260.11	橙3易伤2伤害2攻速1时间	19最后敌人249易伤3时间5a伤害6加一7核89攻速9序列升级
120	52335 16112	3	   	260.11	橙3易伤2伤害2攻速1时间	19低血量敌人29a易伤3时间47伤害59攻速6核8加一9序列升级
121	14331 21516	7	   	260.11	橙3易伤2伤害2攻速1等级	18攻速2平台3立即金币489易伤5等级6挖尘78伤害8序列升级a核
122	11435 14211	8	   	259.99	橙3易伤3时间3攻速	137攻速2随机矿379序列升级479时间579易伤6核8立即金币a低血量敌人
123	11435 14212	8	   	259.99	橙3易伤3时间3攻速	137攻速2随机矿379序列升级479时间579易伤6核8立即金币a金币生成
124	11435 14213	8	   	259.99	橙3易伤3时间3攻速	137攻速2a随机矿379序列升级479时间579易伤6核8立即金币
125	11435 14311	7	   	259.99	橙3易伤3时间3攻速	137攻速28随机矿379序列升级479时间579易伤6核a低血量敌人
126	11435 14312	7	   	259.99	橙3易伤3时间3攻速	137攻速28随机矿379序列升级479时间579易伤6核a金币生成
127	11435 14313	7	   	259.99	橙3易伤3时间3攻速	137攻速28a随机矿379序列升级479时间579易伤6核
128	11435 14321	9	   	259.89	橙3易伤3时间3攻速	137攻速2随机矿37序列升级478时间579易伤6核a双倍矿
129	11435 14321	10	   	259.89	橙3易伤3时间3攻速	137攻速2随机矿37序列升级478时间579易伤6核a最后敌人
130	11435 14322	9	   	259.89	橙3易伤3时间3攻速	137攻速2a随机矿37序列升级478时间579易伤6核
131	11435 14323	10	   	259.89	橙3易伤3时间3攻速	137攻速2随机矿37序列升级478时间579易伤6核a矿等
132	11435 14332	10	   	259.89	橙3易伤3时间3攻速	137攻速2随机矿37序列升级478时间57a易伤6核9基地爆炸
133	11435 14323	9	   	259.79	橙3易伤3时间3攻速1核弹	137攻速2随机矿37序列升级478时间579易伤6核a核弹
134	12254 11411	7	   	259.79	橙4易伤2时间2攻速	19攻速28时间39矿等4579易伤6核9序列升级a低血量敌人
135	12254 11412	7	   	259.79	橙4易伤2时间2攻速	19攻速28时间39矿等4579易伤6核9序列升级a基地爆炸
136	12254 11413	7	   	259.79	橙4易伤2时间2攻速	19攻速28时间39矿等4579易伤6核9序列升级a敌人爆炸
137	15244 11132	10	   	259.79	橙4易伤2时间2攻速	1a攻速257a易伤3矿等4敌人爆炸6核8随机矿9a时间a序列升级
138	15251 11162	10	   	259.79	橙4易伤2时间2攻速	1a攻速247a易伤3矿等5最后敌人6核8随机矿9a时间a序列升级
139	14611 12611	9	   	259.69	橙4易伤2时间2攻速	18攻速2平台35时间4589易伤58序列升级68掉矿7双倍矿a核
140	15234 11132	10	   	259.69	橙4易伤2时间2攻速	1a攻速257a易伤3矿等4挖尘6核8随机矿9a时间a序列升级
141	15434 11132	10	   	259.69	橙4易伤2时间2攻速	1a攻速257a易伤3金币生成4挖尘6核8随机矿9a时间a序列升级
142	62252 42113	10	   	259.68	橙5易伤1等级1时间	135基地爆炸24569易伤56序列升级7等级8核a时间
143	12144 15112	5	   	259.68	橙2易伤3时间2攻速1伤害1等级	19攻速279时间3低血量敌人4伤害59易伤6核8加一9序列升级a等级
144	11435 14322	10	   	259.65	橙3易伤3时间3攻速1卖塔	137攻速2随机矿37序列升级478时间579易伤6核a卖塔
145	11361 61512	2	   	259.62	橙3易伤3伤害2攻速	19攻速2随机矿36a易伤489伤害59金币生成7核9序列升级
146	12361 61512	1	   	259.62	橙3易伤3伤害2攻速	19攻速2随机矿36a易伤489伤害59金币生成7核9序列升级
147	22225 41512	1	   	259.62	橙3易伤3伤害2攻速	19矿等2随机矿35攻速49a易伤689伤害7核9序列升级
148	12234 31163	8	   	259.59	橙4易伤2时间2攻速	19攻速26时间3矿等4挖尘567a易伤6序列升级8核
149	12434 31163	8	   	259.59	橙4易伤2时间2攻速	19攻速26时间3金币生成4挖尘567a易伤6序列升级8核
150	15123 16332	5	   	259.59	橙4易伤2时间2攻速	18攻速289a易伤3低血量敌人4掉矿5加一6核78时间8序列升级
151	32655 21232	10	   	259.58	橙5易伤1等级1时间	19最后敌人24789易伤3时间5等级69掉矿9序列升级a核
152	52355 21232	10	   	259.58	橙5易伤1时间1等级	19低血量敌人24789易伤3时间5等级69掉矿9序列升级a核
153	32225 33561	2	   	259.42	橙3易伤1伤害1等级1时间1暴击	1最后敌人236易伤4暴击5等级7核8雷电9伤害a时间
154	62252 62111	9	   	258.94	橙4易伤2伤害1暴击	135基地爆炸2459易伤5序列升级67伤害8核a暴击
155	32524 13112	5	   	258.85	橙4易伤2攻速1时间1暴击	19最后敌人259a易伤3平台4时间6暴击7核89攻速9序列升级
156	32634 14312	10	 * 	258.74	橙4易伤2时间2等级	17a最后敌人257a易伤37时间4立即金币6核7a序列升级8敌人爆炸9a等级
157	52334 14312	10	   	258.74	橙4易伤2时间2等级	17a低血量敌人257a易伤37时间4立即金币6核7a序列升级8敌人爆炸9a等级
158	32634 14212	10	   	258.64	橙4易伤2时间2等级	17a最后敌人257a易伤37时间4立即金币6核7a序列升级8挖尘9a等级
159	52334 14212	10	   	258.64	橙4易伤2时间2等级	17a低血量敌人257a易伤37时间4立即金币6核7a序列升级8挖尘9a等级
160	25143 16332	5	 * 	258.54	橙4易伤2时间1伤害	18矿等289a易伤3低血量敌人4伤害5加一6核78时间8序列升级
161	32164 51112	10	   	258.54	橙4易伤2时间2等级	1a最后敌人267a易伤3低血量敌人45时间8核9a等级a序列升级
162	32461 11162	10	   	258.54	橙4易伤2时间1伤害	1a最后敌人247a易伤3掉矿5伤害6核8随机矿9a时间a序列升级
163	32664 11312	10	   	258.54	橙4易伤2时间2等级	1a最后敌人257a易伤34时间6核8敌人爆炸9a等级a序列升级
164	32664 21112	10	   	258.54	橙4易伤2时间2等级	1a最后敌人257a易伤34时间6低血量敌人8核9a等级a序列升级
165	52364 11312	10	   	258.54	橙4易伤2时间2等级	1a低血量敌人257a易伤34时间6核8敌人爆炸9a等级a序列升级
166	13114 16222	1	   	258.52	橙2易伤3伤害2攻速1时间1核弹1全技能	1a攻速2a易伤3低血量敌人4时间57a伤害6核8全技能9核弹a序列升级
167	15114 16222	2	   	258.52	橙2易伤3伤害2攻速1时间1核弹1全技能	1a攻速2a易伤3低血量敌人4时间57a伤害6核8全技能9核弹a序列升级
168	15114 16222	3	   	258.52	橙2易伤3伤害2攻速1时间1核弹1全技能	1a攻速2a易伤3低血量敌人4时间57a伤害6核8全技能9核弹a序列升级
169	13154 61312	1	 * 	258.44	橙4易伤3攻速2等级	159攻速268a易伤39低血量敌人49等级7核9序列升级
170	25344 11132	9	   	258.44	橙4易伤2时间1伤害	1矿等257a易伤39时间4伤害6核8随机矿
171	25344 11133	10	   	258.44	橙4易伤2时间1伤害	1矿等257a易伤39时间4伤害6核8随机矿
172	32654 13314	6	   	258.44	橙4易伤2时间2等级	18最后敌人245a易伤38时间6核78等级8序列升级9加一
173	32654 13323	6	   	258.44	橙4易伤2时间2等级	18最后敌人245a易伤38时间6核78等级8序列升级9赏金邻近
174	32664 11212	10	   	258.44	橙4易伤2时间2等级	1a最后敌人257a易伤34时间6核8挖尘9a等级a序列升级
175	52364 11212	10	   	258.44	橙4易伤2时间2等级	1a低血量敌人257a易伤34时间6核8挖尘9a等级a序列升级
176	52111 16312	6	 * 	258.37	橙3易伤3伤害2等级	139低血量敌人28a易伤49等级579伤害6核9序列升级
177	25323 23134	7	 * 	258.34	橙4易伤2时间2暴击	1矿等268a易伤39时间4掉矿56暴击6序列升级7核
178	41651 11232	10	   	258.34	橙4易伤2时间1伤害	1挖青2随机矿347a易伤4a序列升级5伤害6核8a掉矿9a时间
179	15143 43462	10	 * 	258.34	橙4易伤3攻速1伤害	19a攻速289a易伤3低血量敌人4伤害5加一69a掉矿7核9a序列升级
180	32154 16213	7	   	258.11	橙5易伤2时间	19最后敌人2459a易伤3低血量敌人6核7基地爆炸89时间9序列升级
181	32634 14132	9	   	258.11	橙5易伤2时间	17最后敌人2579a易伤37时间4立即金币6核7序列升级8随机矿
182	32634 14133	10	   	258.11	橙5易伤2时间	17最后敌人2579a易伤37时间4立即金币6核7序列升级8随机矿
183	52334 14132	9	   	258.11	橙5易伤2时间	17低血量敌人2579a易伤37时间4立即金币6核7序列升级8随机矿
184	52334 14133	10	   	258.11	橙5易伤2时间	17低血量敌人2579a易伤37时间4立即金币6核7序列升级8随机矿
185	52334 14312	7	   	258.11	橙5易伤2时间	17低血量敌人2578a易伤37时间4立即金币6核7序列升级9矿等
186	52334 14322	7	   	258.11	橙5易伤2时间	17低血量敌人2578a易伤37时间4立即金币6核7序列升级9金币生成
187	32154 12213	7	   	258.01	橙5易伤2时间	19最后敌人2459a易伤3低血量敌人6核7挖尘89时间9序列升级
188	32154 12413	8	   	258.01	橙5易伤2时间	19最后敌人2459a易伤3低血量敌人6核7挖尘89时间9序列升级
189	32154 14213	6	   	258.01	橙5易伤2时间	19最后敌人2459a易伤3低血量敌人6核7挖尘89时间9序列升级
190	32254 12212	7	   	258.01	橙5易伤2时间	19最后敌人2459a易伤3基地爆炸6核7挖尘89时间9序列升级
191	32254 14212	6	   	258.01	橙5易伤2时间	19最后敌人2459a易伤3基地爆炸6核7挖尘89时间9序列升级
192	32354 16212	7	   	258.01	橙5易伤2时间	19最后敌人2459a易伤3挖尘6核7基地爆炸89时间9序列升级
193	32354 21613	6	   	258.01	橙5易伤2时间	19最后敌人2459a易伤3挖尘6低血量敌人79时间8核9序列升级
194	62154 12212	7	   	258.01	橙5易伤2时间	19基地爆炸2459a易伤3低血量敌人6核7挖尘89时间9序列升级
195	13213 61312	2	 * 	257.91	橙5易伤3攻速	139攻速2掉矿49低血量敌人5689a易伤7核9序列升级
196	32664 11132	9	   	257.91	橙5易伤2时间	1最后敌人2579a易伤34时间6核8随机矿
197	32664 11133	10	   	257.91	橙5易伤2时间	1最后敌人2579a易伤34时间6核8随机矿
198	41364 31133	9	   	257.91	橙5易伤2时间	1挖青2随机矿3矿等46时间5679a易伤6序列升级8核
199	52354 11312	6	   	257.91	橙5易伤2时间	1低血量敌人2458a易伤37时间6核9矿等
200	52354 11322	6	   	257.91	橙5易伤2时间	1低血量敌人2458a易伤37时间6核9金币生成
201	52364 11132	9	   	257.91	橙5易伤2时间	1低血量敌人2579a易伤34时间6核8随机矿
202	52364 11133	10	   	257.91	橙5易伤2时间	1低血量敌人2579a易伤34时间6核8随机矿
203	52364 11312	7	   	257.91	橙5易伤2时间	1低血量敌人2578a易伤34时间6核9矿等
204	52364 11322	7	   	257.91	橙5易伤2时间	1低血量敌人2578a易伤34时间6核9金币生成
205	12154 31133	10	   	257.78	橙4易伤2时间1攻速	1攻速26时间3低血量敌人4矿等5679易伤6序列升级8核a雷电
206	12244 31133	10	   	257.78	橙4易伤2时间1攻速	1攻速26时间3矿等4敌人爆炸5679易伤6序列升级8核a雷电
207	12654 31133	10	   	257.78	橙4易伤2时间1攻速	1攻速26时间3最后敌人4矿等5679易伤6序列升级8核a雷电
208	14611 31152	5	   	257.78	橙4易伤2时间1攻速	1攻速2平台35时间4569易伤5序列升级7低血量敌人8核a雷电
209	14611 31363	5	   	257.78	橙4易伤2时间1攻速	1攻速2平台35时间4568易伤5序列升级7低血量敌人9雷电a核
210	12234 31133	10	   	257.68	橙4易伤2时间1攻速	1攻速26时间3矿等4挖尘5679易伤6序列升级8核a雷电
211	11336 33112	2	   	257.61	橙3易伤2伤害2攻速1暴击	19攻速2随机矿39a易伤4最后敌人5暴击6平台7核89伤害9序列升级
212	12336 33112	1	   	257.61	橙3易伤2伤害2攻速1暴击	19攻速2随机矿39a易伤4最后敌人5暴击6平台7核89伤害9序列升级
213	11335 13112	2	   	257.61	橙3易伤2伤害2攻速1暴击	19攻速2随机矿39a易伤4最后敌人5平台6暴击7核89伤害9序列升级
214	12335 13112	1	   	257.61	橙3易伤2伤害2攻速1暴击	19攻速2随机矿39a易伤4最后敌人5平台6暴击7核89伤害9序列升级
215	32261 36112	2	   	257.50	橙4易伤1伤害1时间1暴击	1最后敌人238a易伤4伤害5金币生成6暴击7时间9核
216	52261 36112	2	   	257.50	橙4易伤1伤害1时间1暴击	1低血量敌人238a易伤4伤害5金币生成6暴击7时间9核
217	13114 15111	1	   	257.45	橙2易伤2伤害2时间2攻速1全技能	19攻速29易伤3低血量敌人47时间59伤害6核8加一9序列升级a全技能
218	15114 15111	2	   	257.45	橙2易伤2伤害2时间2攻速1全技能	19攻速29易伤3低血量敌人47时间59伤害6核8加一9序列升级a全技能
219	15114 15111	3	   	257.45	橙2易伤2伤害2时间2攻速1全技能	19攻速29易伤3低血量敌人47时间59伤害6核8加一9序列升级a全技能
220	12144 16111	5	   	257.45	橙2易伤2伤害2时间2攻速1全技能	19攻速29时间3低血量敌人47伤害59易伤6核8加一9序列升级a全技能
221	12144 16222	5	   	257.45	橙2易伤2伤害2时间2攻速1核弹1全技能	1a攻速2a时间3低血量敌人47伤害5a易伤6核8全技能9核弹a序列升级
222	13114 15222	1	   	257.45	橙2易伤2伤害2时间2攻速1核弹1全技能	1a攻速2a易伤3低血量敌人47时间5a伤害6核8全技能9核弹a序列升级
223	15114 15222	3	   	257.45	橙2易伤2伤害2时间2攻速1核弹1全技能	1a攻速2a易伤3低血量敌人47时间5a伤害6核8全技能9核弹a序列升级
224	15114 15222	2	   	257.45	橙2易伤2伤害2时间2攻速1核弹1全技能	1a攻速2a易伤3低血量敌人47时间5a伤害6核8全技能9核弹a序列升级
225	15256 12211	10	   	257.41	橙3易伤2伤害2攻速1暴击	18攻速246易伤3矿等5暴击79伤害a核
226	11431 11543	8	 * 	257.41	橙2易伤2伤害3攻速2时间	139攻速2随机矿39序列升级49时间5最后敌人6核7a易伤89伤害
227	11431 11552	10	   	257.41	橙2易伤2伤害3攻速2时间	139攻速2随机矿39序列升级49时间5最后敌人6核7a易伤89伤害
228	11431 11553	9	   	257.41	橙2易伤2伤害3攻速2时间	139攻速2随机矿39序列升级49时间5最后敌人6核7a易伤89伤害
229	11433 11543	8	   	257.31	橙2易伤2伤害3攻速2时间	139攻速2随机矿39序列升级49时间5挖尘6核7a易伤89伤害
230	21344 31411	7	 * 	257.26	紫4易伤3时间2伤害	169矿等2核38a时间49伤害5679易伤69序列升级
231	12263 21326	3	   	257.18	橙2易伤3时间2攻速1伤害1暴击	18攻速268时间3矿等4伤害5立即金币78易伤8序列升级9核a暴击
232	13114 16112	1	   	257.16	橙2易伤3伤害2攻速1时间	19攻速29易伤3低血量敌人4时间579伤害6核8加一9序列升级a雷电
233	15114 16112	2	   	257.16	橙2易伤3伤害2攻速1时间	19攻速29易伤3低血量敌人4时间579伤害6核8加一9序列升级a雷电
234	15114 16112	3	   	257.16	橙2易伤3伤害2攻速1时间	19攻速29易伤3低血量敌人4时间579伤害6核8加一9序列升级a雷电
235	11263 16814	5	   	257.11	橙3易伤2时间2攻速1伤害	19攻速2随机矿3基地爆炸489易伤5加一6核79时间9序列升级a伤害
236	11264 15214	8	   	257.11	橙3易伤2时间2攻速1伤害	19攻速2随机矿3基地爆炸459易伤6核79时间8加一9序列升级a伤害
237	32635 15112	3	   	257.11	橙3易伤2时间2攻速1伤害	19最后敌人29a易伤37时间4伤害59攻速6核8加一9序列升级
238	32635 15112	2	   	257.11	橙3易伤2时间2攻速1伤害	19最后敌人29a易伤37时间4伤害59攻速6核8加一9序列升级
239	52335 15112	3	   	257.11	橙3易伤2时间2攻速1伤害	19低血量敌人29a易伤37时间4伤害59攻速6核8加一9序列升级
240	32666 13112	6	   	257.11	橙3易伤2时间2攻速1伤害	19最后敌人29a易伤34时间5伤害6加一7核89攻速9序列升级
241	14543 37314	2	   	257.08	橙2易伤3时间2攻速1伤害1暴击	19攻速2平台3加一4暴击569时间7核89易伤9序列升级a伤害
242	12253 31461	10	   	257.01	橙3易伤2时间2攻速1伤害	16攻速28时间3矿等467易伤5加一6序列升级9伤害a核
243	12253 31461	9	   	257.01	橙3易伤2时间2攻速1伤害	16攻速28时间3矿等467易伤5加一6序列升级9伤害a核
244	12453 31461	9	   	257.01	橙3易伤2时间2攻速1伤害	16攻速28时间3金币生成467易伤5加一6序列升级9伤害a核
245	12453 31461	10	   	257.01	橙3易伤2时间2攻速1伤害	16攻速28时间3金币生成467易伤5加一6序列升级9伤害a核
246	15123 16334	5	   	257.01	橙3易伤2时间2攻速1伤害	18攻速289易伤3低血量敌人4掉矿5加一6核78时间8序列升级a伤害
247	32221 66112	2	   	256.98	橙5易伤1时间1暴击	1最后敌人2378a易伤4暴击5敌人爆炸6时间9核
248	32653 16112	5	   	256.98	橙5易伤1时间1暴击	1最后敌人2478a易伤3时间5暴击6敌人爆炸9核
249	52221 66112	2	   	256.98	橙5易伤1时间1暴击	1低血量敌人2378a易伤4暴击5敌人爆炸6时间9核
250	52353 16112	5	   	256.98	橙5易伤1时间1暴击	1低血量敌人2478a易伤3时间5暴击6敌人爆炸9核
251	32154 36112	5	   	256.98	橙5易伤1时间1暴击	1最后敌人2458a易伤3低血量敌人6暴击7时间9核
252	52323 65112	6	   	256.64	橙3易伤2时间1等级1暴击1攻速	1低血量敌人28a易伤37时间4暴击5攻速6等级9核
253	12234 31156	9	   	256.46	橙3易伤2时间1伤害1攻速1全技能	1攻速26时间3矿等4挖尘567易伤6序列升级8核9伤害a全技能
254	36611 11152	7	   	256.37	橙2易伤2伤害2时间1等级1暴击	1最后敌人23时间4等级59伤害6核7a易伤8暴击
255	52322 15212	5	   	256.37	橙2易伤2伤害2时间1等级1暴击	1低血量敌人2a易伤37时间4暴击5等级68伤害9核
256	13151 61343	10	   	256.34	橙4易伤3攻速1全技能	19a攻速29a掉矿3全技能4金币生成5雷电6核789a易伤9a序列升级
257	12254 31411	6	   	256.33	橙3易伤3攻速2时间1全技能	169攻速28时间39矿等459易伤7核9序列升级a全技能
258	11435 11161	10	   	256.33	橙3易伤3攻速2时间1全技能	139攻速28随机矿39序列升级49时间579易伤6核a全技能
259	12225 11411	7	   	256.33	橙3易伤3攻速2时间1全技能	149攻速28时间39矿等579易伤6核9序列升级a全技能
260	12225 61411	5	   	256.33	橙3易伤3攻速2时间1全技能	149攻速28时间39矿等569易伤7核9序列升级a全技能
261	12425 11411	7	   	256.33	橙3易伤3攻速2时间1全技能	149攻速28时间39金币生成579易伤6核9序列升级a全技能
262	12154 31116	9	   	256.31	橙3易伤3时间1等级1攻速	1攻速26a时间3低血量敌人4矿等567易伤6序列升级8核9等级
263	12124 31116	9	   	256.21	橙3易伤3时间1等级1攻速	1攻速26a时间3低血量敌人4掉矿567易伤6序列升级8核9等级
264	12624 31116	9	   	256.21	橙3易伤3时间1等级1攻速	1攻速26a时间3最后敌人4掉矿567易伤6序列升级8核9等级
265	32656 13113	6	   	256.17	橙3易伤2攻速1伤害1时间1暴击	19最后敌人249易伤3时间5伤害6加一7核89攻速9序列升级a暴击
266	25323 23156	7	 * 	255.76	橙3易伤2时间1伤害2暴击	1矿等268易伤3a时间4掉矿56暴击6序列升级7核9伤害
267	25323 23216	7	   	255.76	橙3易伤2时间1伤害2暴击	1矿等269易伤3a时间4掉矿56暴击6序列升级7核8伤害
268	32254 11431	10	   	255.45	橙5易伤1伤害	1最后敌人2457a易伤3基地爆炸6核8雷电9伤害
269	32354 11431	10	   	255.35	橙5易伤1伤害	1最后敌人2457a易伤3挖尘6核8雷电9伤害
270	12144 13621	9	   	255.30	橙3易伤2时间1伤害1攻速	1攻速29时间3低血量敌人4伤害579易伤6雷电89策反9序列升级a核
271	14611 22433	10	   	255.20	橙3易伤2时间1伤害1攻速	1攻速2平台35时间459易伤5序列升级6最后敌人7伤害8雷电a核
272	12265 11431	10	   	255.10	橙3易伤2时间1伤害1攻速	1攻速24时间3矿等57a易伤6核8雷电9伤害
273	12234 31152	9	   	255.10	橙3易伤2时间1伤害1攻速	1攻速26时间3矿等4挖尘567易伤6序列升级8核9伤害a雷电
274	12234 31156	10	   	255.10	橙3易伤2时间1伤害1攻速	1攻速26时间3矿等4挖尘567易伤6序列升级8核9伤害a雷电
275	12254 11421	8	   	255.10	橙3易伤2时间1伤害1攻速	1攻速29时间3矿等457易伤6核8雷电a伤害
276	12434 31152	9	   	255.10	橙3易伤2时间1伤害1攻速	1攻速26时间3金币生成4挖尘567易伤6序列升级8核9伤害a雷电
277	32254 12422	8	   	254.95	橙4易伤2伤害1全技能	1a最后敌人245a易伤3基地爆炸6核7挖尘8全技能9a伤害a序列升级
278	11435 14332	8	   	254.94	橙2易伤3时间3攻速1暴击	137攻速2随机矿37序列升级478时间57易伤6核9暴击a雷电
279	11435 14111	7	   	254.87	橙3易伤3攻速2时间	137攻速2随机矿37序列升级47时间57a易伤6核8加一9雷电
280	12454 31312	6	   	254.72	橙4易伤3攻速1时间	169攻速2时间389金币生成459a易伤7核9序列升级
281	12425 11312	7	   	254.72	橙4易伤3攻速1时间	149攻速2时间389金币生成579a易伤6核9序列升级
282	12425 11512	8	   	254.72	橙4易伤3攻速1时间	149攻速2时间389金币生成579a易伤6核9序列升级
283	12425 61312	5	   	254.72	橙4易伤3攻速1时间	149攻速2时间389金币生成569a易伤7核9序列升级
284	12426 61312	4	   	254.72	橙4易伤3攻速1时间	149攻速2时间389金币生成569a易伤7核9序列升级
285	32154 11336	6	   	254.62	橙4易伤2时间1等级	1最后敌人2459易伤3低血量敌人6核7a时间8等级
286	32654 13114	6	   	254.52	橙4易伤2时间1等级	1最后敌人245a易伤38时间6核7等级9加一
287	32654 13123	6	   	254.52	橙4易伤2时间1等级	1最后敌人245a易伤38时间6核7等级9赏金邻近
288	32164 16111	1	   	254.45	橙3易伤3伤害1时间1核弹	19最后敌人2时间39a易伤4核弹579伤害6核8加一9序列升级
289	16264 31133	9	   	254.43	橙5易伤1时间1攻速	1攻速26最后敌人3矿等4时间5679a易伤6序列升级8核
290	12254 11334	10	   	254.33	橙5易伤1时间1攻速	1攻速2时间3矿等4579a易伤6核8敌人爆炸
291	12254 11336	9	   	254.33	橙5易伤1时间1攻速	1攻速2时间3矿等4579a易伤6核8敌人爆炸
292	12254 11532	9	   	254.33	橙5易伤1时间1攻速	1攻速2时间3矿等4579a易伤6核8金币生成
293	12254 11633	9	   	254.33	橙5易伤1时间1攻速	1攻速2时间3矿等4579a易伤6核8基地爆炸
294	12254 21133	9	   	254.33	橙5易伤1时间1攻速	1攻速2时间3矿等4579a易伤6低血量敌人8核
295	12254 21134	10	   	254.33	橙5易伤1时间1攻速	1攻速2时间3矿等4579a易伤6低血量敌人8核
296	52354 11322	7	   	254.33	橙5易伤1时间1攻速	1低血量敌人24578易伤3时间6核9攻速a金币生成
297	52354 11323	7	   	254.33	橙5易伤1时间1攻速	1低血量敌人24578易伤3时间6核9攻速a敌人爆炸
298	12254 11233	9	   	254.23	橙5易伤1时间1攻速	1攻速2时间3矿等4579a易伤6核8挖尘
299	12254 11234	10	   	254.23	橙5易伤1时间1攻速	1攻速2时间3矿等4579a易伤6核8挖尘
300	52354 11321	7	   	254.23	橙5易伤1时间1攻速	1低血量敌人24578易伤3时间6核9攻速a赏金塔
301	15256 33211	7	   	254.17	橙3易伤1伤害1时间1暴击1攻速	1攻速249易伤3矿等5暴击6时间7核8伤害a雷电
302	32225 33523	2	   	254.17	橙3易伤1伤害1等级1暴击1攻速	1最后敌人236易伤4暴击5等级7核8雷电9攻速a伤害
303	52225 33523	2	   	254.17	橙3易伤1伤害1等级1暴击1攻速	1低血量敌人236易伤4暴击5等级7核8雷电9攻速a伤害
304	62225 33523	2	   	254.17	橙3易伤1伤害1等级1暴击1攻速	1基地爆炸236易伤4暴击5等级7核8雷电9攻速a伤害
305	14611 61233	9	   	253.83	橙2易伤2伤害2时间1等级1攻速	1攻速2平台35时间45易伤5序列升级6等级7a伤害8敌人爆炸9核
306	23161 11314	7	   	253.70	橙4易伤2伤害	19矿等23低血量敌人4789易伤59伤害6核9序列升级a雷电
307	23161 61314	5	   	253.70	橙4易伤2伤害	19矿等23低血量敌人4689易伤59伤害7核9序列升级a雷电
308	32225 33422	2	   	253.69	橙4易伤1等级1时间1暴击	1最后敌人236a易伤4暴击5等级7核8随机矿9时间
309	32225 33616	2	   	253.69	橙4易伤1等级1时间1暴击	1最后敌人2369易伤4暴击5等级7核8低血量敌人a时间
310	32653 41112	7	   	253.69	橙4易伤1等级1时间1暴击	1最后敌人248a易伤3时间5暴击6等级7随机矿9核
311	32653 42112	6	   	253.69	橙4易伤1等级1时间1暴击	1最后敌人248a易伤3时间5暴击6等级7金币生成9核
312	52225 33116	2	   	253.69	橙4易伤1等级1时间1暴击	1低血量敌人2369易伤4暴击5等级7核8最后敌人a时间
313	52225 33422	2	   	253.69	橙4易伤1等级1时间1暴击	1低血量敌人236a易伤4暴击5等级7核8随机矿9时间
314	52353 41112	7	   	253.69	橙4易伤1等级1时间1暴击	1低血量敌人248a易伤3时间5暴击6等级7随机矿9核
315	52353 42112	6	   	253.69	橙4易伤1等级1时间1暴击	1低血量敌人248a易伤3时间5暴击6等级7金币生成9核
316	62225 33116	2	   	253.69	橙4易伤1等级1时间1暴击	1基地爆炸2369易伤4暴击5等级7核8最后敌人a时间
317	52322 32112	5	   	253.69	橙4易伤1等级1时间1暴击	1低血量敌人268a易伤3时间4暴击5等级7金币生成9核
318	62622 33112	5	   	253.69	橙4易伤1等级1时间1暴击	1基地爆炸268a易伤3时间4暴击5等级7金币生成9核
319	12124 31166	8	   	253.61	橙3易伤3时间1暴击1攻速	1攻速26a时间3低血量敌人4掉矿567易伤6序列升级8核9暴击
320	62531 61333	6	   	253.60	橙4易伤2伤害	1基地爆炸2568易伤3平台45伤害5序列升级7低血量敌人9雷电a核
321	32225 33214	2	   	253.59	橙4易伤1等级1时间1暴击	1最后敌人236a易伤4暴击5等级7核8赏金塔9时间
322	32225 46112	2	   	253.59	橙4易伤1等级1时间1暴击1核弹	1最后敌人238a易伤4暴击5等级6核弹7时间9核
323	52225 33314	2	   	253.59	橙4易伤1等级1时间1暴击	1低血量敌人236a易伤4暴击5等级7核8赏金邻近9时间
324	62225 33314	2	   	253.59	橙4易伤1等级1时间1暴击	1基地爆炸236a易伤4暴击5等级7核8赏金邻近9时间
325	12631 66112	2	   	253.57	橙3易伤2攻速1时间1等级2雷电	1a攻速2时间3a雷电4低血量敌人5等级69a易伤7核8赏金塔a序列升级
326	52261 12631	5	   	253.53	橙4易伤2时间2雷电	17低血量敌人247a易伤34雷电47序列升级5基地爆炸67时间8额外掉落9核
327	32254 11163	7	   	253.51	橙4易伤1伤害1等级1全技能	1最后敌人2457易伤3基地爆炸6核8全技能9等级a伤害
328	11525 11512	2	 * 	253.48	橙3易伤2伤害3攻速	159攻速2随机矿38伤害49a易伤69矿等7核9序列升级
329	12525 11512	1	   	253.48	橙3易伤2伤害3攻速	159攻速2随机矿38伤害49a易伤69矿等7核9序列升级
330	25143 16334	5	   	253.48	橙3易伤2伤害2时间	18矿等289易伤3低血量敌人4a伤害5加一6核78时间8序列升级
331	62531 24113	7	   	253.48	橙3易伤2伤害2时间	1基地爆炸25a易伤3平台45伤害5序列升级6最后敌人7核89时间
332	12225 33523	8	   	253.47	橙2易伤3攻速2时间1伤害1暴击	146攻速27时间37矿等57易伤7序列升级8伤害9暴击a核
333	32354 11163	7	   	253.41	橙4易伤1伤害1等级1全技能	1最后敌人2457易伤3挖尘6核8全技能9等级a伤害
334	32654 11113	7	   	253.41	橙4易伤1伤害1时间1全技能	1最后敌人2457易伤3时间6核8全技能9掉矿a伤害
335	32461 11431	10	   	253.40	橙4易伤2伤害	1最后敌人247a易伤3掉矿59伤害6核8雷电
336	25346 11132	9	   	253.38	橙3易伤2伤害2时间	1矿等27a易伤39时间45伤害6核8随机矿
337	25346 11133	10	   	253.38	橙3易伤2伤害2时间	1矿等27a易伤39时间45伤害6核8随机矿
338	32164 15112	1	   	253.38	橙3易伤2伤害2时间1核弹	19最后敌人27时间39a易伤4核弹59伤害6核8加一9序列升级
339	32112 23365	10	   	253.33	橙2易伤3伤害2时间1攻速	1最后敌人2a易伤3低血量敌人4金币生成5a时间6攻速79a伤害8核a序列升级
340	12113 62514	8	   	253.33	橙2易伤3伤害2时间1攻速	1攻速29时间3低血量敌人4敌人爆炸59易伤6基地爆炸789伤害9序列升级a核
341	41651 13132	10	   	253.28	橙3易伤2伤害2时间	1挖青2随机矿34a易伤4a序列升级58伤害6核7a掉矿9a时间
342	13134 36314	1	   	253.23	橙2易伤3伤害2时间1攻速	1攻速29易伤3低血量敌人4挖尘579伤害6基地爆炸89时间9序列升级a核
343	62531 62213	8	   	253.16	橙3易伤3伤害2雷电	1基地爆炸256易伤3平台459伤害5序列升级7a雷电8核
344	12144 15222	5	   	253.09	橙2易伤3时间2攻速1伤害1核弹1全技能	1a攻速27a时间3低血量敌人4伤害5a易伤6核8全技能9核弹a序列升级
345	12144 15111	5	   	253.09	橙2易伤3时间2攻速1伤害1全技能	19攻速279时间3低血量敌人4伤害59易伤6核8加一9序列升级a全技能
346	14611 26213	5	   	253.09	橙2易伤3时间2攻速1伤害1全技能	18攻速2平台356时间45易伤5序列升级7核9伤害a全技能
347	11431 12346	7	 * 	253.05	橙2易伤3时间3攻速1伤害	139攻速2随机矿39序列升级49a时间5最后敌人6核7伤害89易伤
348	11435 14312	9	   	253.05	橙2易伤3时间3攻速1伤害	137攻速2随机矿37序列升级478时间57易伤6核9平台a伤害
349	11433 12346	7	   	252.95	橙2易伤3时间3攻速1伤害	139攻速2随机矿39序列升级49a时间5挖尘6核7伤害89易伤
350	11435 14333	8	 * 	252.95	橙2易伤3时间3攻速2暴击	137攻速2随机矿37序列升级478时间57易伤6核9a暴击
351	14611 26212	5	   	252.95	橙2易伤3时间3攻速1伤害	18a攻速2平台356时间45易伤5序列升级7核9伤害
352	11144 13331	10	   	252.76	橙4易伤1等级1攻速1全技能	1攻速2随机矿3全技能4等级5689易伤7雷电a核
353	12244 31116	9	   	252.75	橙3易伤2时间1等级1攻速1全技能	1攻速26时间3矿等4敌人爆炸567易伤6序列升级8核9等级a全技能
354	32135 16233	1	   	252.72	橙2易伤2伤害2暴击1时间1攻速1全技能	1a最后敌人2时间3a易伤47伤害5攻速6核8全技能9a暴击a序列升级
355	36135 16233	2	   	252.72	橙2易伤2伤害2暴击1时间1攻速1全技能	1a最后敌人2时间3a易伤47伤害5攻速6核8全技能9a暴击a序列升级
356	52135 16233	1	   	252.72	橙2易伤2伤害2暴击1时间1攻速1全技能	1a低血量敌人2时间3a易伤47伤害5攻速6核8全技能9a暴击a序列升级
357	12234 31116	9	   	252.65	橙3易伤2时间1等级1攻速1全技能	1攻速26时间3矿等4挖尘567易伤6序列升级8核9等级a全技能
358	23165 36112	1	   	252.45	橙3易伤2伤害1时间1暴击	1矿等28a易伤3低血量敌人45伤害6暴击7时间9核
359	32261 36212	2	   	252.45	橙3易伤2伤害1时间1暴击	1最后敌人23a易伤48伤害5金币生成6暴击7时间9核
360	52261 36212	2	   	252.45	橙3易伤2伤害1时间1暴击	1低血量敌人23a易伤48伤害5金币生成6暴击7时间9核
361	32461 11152	6	   	252.35	橙3易伤2伤害1时间1暴击	1最后敌人24a易伤3掉矿59伤害6核7时间8暴击
362	13154 36112	1	   	252.26	橙3易伤2攻速1等级1时间1暴击	15攻速28a易伤3低血量敌人4等级6暴击7时间9核
363	25341 31133	10	   	252.26	橙4易伤1伤害1时间	1矿等2679易伤3时间4伤害56敌人爆炸6序列升级8核a雷电
364	26344 31133	10	   	252.26	橙4易伤1伤害1时间	1矿等26最后敌人3时间4伤害5679易伤6序列升级8核a雷电
365	13561 36132	1	   	252.26	橙4易伤1伤害1暴击1攻速	1攻速278a易伤3暴击4伤害5敌人爆炸6核9低血量敌人
366	62211 11142	10	   	252.25	橙3易伤2时间1伤害1等级	13a基地爆炸27a易伤4等级5伤害6核8随机矿9a时间a序列升级
367	32656 13111	6	   	252.18	橙3易伤2攻速1伤害1时间1全技能	19最后敌人249易伤3时间5伤害6加一7核89攻速9序列升级a全技能
368	13563 35132	1	   	252.18	橙3易伤1伤害2暴击1时间1攻速	1攻速28a易伤35暴击4伤害6核7时间9低血量敌人
369	15256 33213	7	   	252.18	橙3易伤1伤害2暴击1时间1攻速	1攻速249易伤3矿等5a暴击6时间7核8伤害
370	25323 23232	7	   	252.18	橙3易伤1伤害2暴击1时间1攻速	1矿等26a易伤3时间4掉矿56暴击6序列升级7核8伤害9攻速
371	25344 11333	10	   	252.16	橙4易伤1伤害1时间	1矿等2579易伤3时间4伤害6核8敌人爆炸a雷电
372	25344 21133	10	   	252.16	橙4易伤1伤害1时间	1矿等2579易伤3时间4伤害6低血量敌人8核a雷电
373	32634 11431	10	   	252.16	橙4易伤1伤害1时间	1最后敌人257a易伤3时间4立即金币6核8雷电9伤害
374	11325 14333	8	   	252.15	橙3易伤3攻速1伤害1时间	147攻速2随机矿37敌人爆炸57a易伤6核7序列升级8时间9伤害
375	11325 14633	7	   	252.15	橙3易伤3攻速1伤害1时间	147攻速2随机矿37敌人爆炸57a易伤6核7序列升级8时间9伤害
376	11414 14333	8	   	252.15	橙3易伤3攻速1伤害1时间	137攻速2随机矿37序列升级47a易伤57基地爆炸6核8时间9伤害
377	11453 12343	7	   	252.15	橙3易伤3攻速1伤害1时间	139攻速2随机矿39序列升级49最后敌人5时间6核7伤害89a易伤
378	32354 16213	7	   	252.12	橙4易伤2时间1暴击	19最后敌人2459易伤3挖尘6核7基地爆炸89时间9序列升级a暴击
379	32254 12213	7	   	252.12	橙4易伤2时间1暴击	19最后敌人2459易伤3基地爆炸6核7挖尘89时间9序列升级a暴击
380	32254 14213	6	   	252.12	橙4易伤2时间1暴击	19最后敌人2459易伤3基地爆炸6核7挖尘89时间9序列升级a暴击
381	62154 12213	7	   	252.12	橙4易伤2时间1暴击	19基地爆炸2459易伤3低血量敌人6核7挖尘89时间9序列升级a暴击
382	22344 31133	10	   	252.06	橙4易伤1伤害1时间	1矿等26挖尘3时间4伤害5679易伤6序列升级8核a雷电
383	25342 31133	10	   	252.06	橙4易伤1伤害1时间	1矿等2679易伤3时间4伤害56挖尘6序列升级8核a雷电
384	25344 11233	10	   	252.06	橙4易伤1伤害1时间	1矿等2579易伤3时间4伤害6核8挖尘a雷电
385	23161 16315	6	   	252.05	橙3易伤3伤害1暴击	19矿等23低血量敌人489易伤579伤害6核9序列升级a暴击
386	11412 25333	6	   	252.05	橙3易伤3攻速1伤害1时间	135攻速2随机矿35序列升级45a易伤6基地爆炸7时间8核9伤害
387	11412 45333	5	   	252.05	橙3易伤3攻速1伤害1时间	135攻速2随机矿35序列升级45a易伤6敌人爆炸7时间8核9伤害
388	11435 13324	6	   	252.05	橙3易伤3攻速2等级1时间	138攻速2随机矿38序列升级4时间58a易伤6核78等级9基地爆炸
389	11435 13334	6	   	252.05	橙3易伤3攻速2等级1时间	138攻速2随机矿38序列升级4时间58a易伤6核78等级9敌人爆炸
390	32226 65112	2	   	252.02	橙4易伤2时间1暴击	1最后敌人238a易伤4暴击5基地爆炸67时间9核
391	62233 55112	2	   	252.02	橙4易伤2时间1暴击	1基地爆炸238a易伤4最后敌人57时间6暴击9核
392	13213 61315	2	   	252.02	橙4易伤3攻速1暴击	139攻速2掉矿49低血量敌人5689易伤7核9序列升级a暴击
393	32153 55112	6	   	252.02	橙4易伤2时间1暴击	1最后敌人248a易伤3低血量敌人5暴击67时间9核
394	32223 65112	6	   	252.02	橙4易伤2时间1暴击	1最后敌人268a易伤3基地爆炸4暴击57时间9核
395	32253 55112	4	   	252.02	橙4易伤2时间1暴击	1最后敌人248a易伤3基地爆炸57时间6暴击9核
396	32253 65112	5	   	252.02	橙4易伤2时间1暴击	1最后敌人248a易伤3基地爆炸5暴击67时间9核
397	32623 16112	5	   	252.02	橙4易伤2时间1暴击	1最后敌人278a易伤35时间4暴击6敌人爆炸9核
398	32623 66112	6	   	252.02	橙4易伤2时间1暴击	1最后敌人278a易伤35时间4暴击6敌人爆炸9核
399	32663 16112	5	   	252.02	橙4易伤2时间1暴击	1最后敌人278a易伤34时间5暴击6敌人爆炸9核
400	36223 65112	6	   	252.02	橙4易伤2时间1暴击	1最后敌人27时间3基地爆炸4暴击568a易伤9核
401	52363 16112	5	   	252.02	橙4易伤2时间1暴击	1低血量敌人278a易伤34时间5暴击6敌人爆炸9核
402	52322 15116	5	   	252.01	橙2易伤3时间1伤害1等级1暴击	1低血量敌人28易伤37a时间4暴击5等级6伤害9核
403	15244 12123	6	   	252.00	橙3易伤2时间2攻速2雷电	18攻速258易伤3矿等4敌人爆炸6核78雷电8序列升级9a时间
404	15251 12123	6	   	252.00	橙3易伤2时间2攻速2雷电	18攻速248易伤3矿等5最后敌人6核78雷电8序列升级9a时间
405	15252 12123	6	   	252.00	橙3易伤2时间2攻速2雷电	18攻速248易伤3矿等5低血量敌人6核78雷电8序列升级9a时间
406	15254 12123	6	   	252.00	橙3易伤2时间2攻速2雷电	18攻速248易伤3矿等5基地爆炸6核78雷电8序列升级9a时间
407	15451 12123	6	   	252.00	橙3易伤2时间2攻速2雷电	18攻速248易伤3金币生成5最后敌人6核78雷电8序列升级9a时间
408	15452 12123	6	   	252.00	橙3易伤2时间2攻速2雷电	18攻速248易伤3金币生成5低血量敌人6核78雷电8序列升级9a时间
409	45611 11332	8	   	251.95	橙3易伤2时间1伤害1等级	1挖青23时间4等级5伤害6核79a易伤8敌人爆炸
410	25344 13114	6	   	251.95	橙3易伤2时间1伤害1等级	1矿等25a易伤38时间4伤害6核7等级9加一
411	25344 13123	6	   	251.95	橙3易伤2时间1伤害1等级	1矿等25a易伤38时间4伤害6核7等级9赏金邻近
412	14611 12533	5	   	251.93	橙2易伤3时间2攻速1伤害	18攻速2平台358时间45易伤58序列升级6伤害78矿等9雷电a核
413	33623 62112	6	   	251.92	橙4易伤2时间1暴击	1最后敌人2挖尘37时间4暴击568a易伤9核
414	36323 62112	6	   	251.92	橙4易伤2时间1暴击	1最后敌人27时间3挖尘4暴击568a易伤9核
415	32323 62112	6	   	251.92	橙4易伤2时间1暴击	1最后敌人268a易伤3挖尘4暴击57时间9核
416	15124 12123	6	   	251.90	橙3易伤2时间2攻速2雷电	18攻速258易伤3低血量敌人4掉矿6核78雷电8序列升级9a时间
417	15234 12123	6	   	251.90	橙3易伤2时间2攻速2雷电	18攻速258易伤3矿等4挖尘6核78雷电8序列升级9a时间
418	15434 12123	6	   	251.90	橙3易伤2时间2攻速2雷电	18攻速258易伤3金币生成4挖尘6核78雷电8序列升级9a时间
419	15524 12123	6	   	251.90	橙3易伤2时间2攻速2雷电	18攻速258易伤3基地爆炸4掉矿6核78雷电8序列升级9a时间
420	15624 12123	6	   	251.90	橙3易伤2时间2攻速2雷电	18攻速258易伤3最后敌人4掉矿6核78雷电8序列升级9a时间
421	45611 11232	8	   	251.85	橙3易伤2时间1伤害1等级	1挖青23时间4等级5伤害6核79a易伤8加一
422	12263 21325	3	   	251.83	橙2易伤3时间2攻速1伤害	18攻速268时间3矿等4伤害5立即金币78易伤8序列升级9核a雷电
423	45322 62112	6	   	251.82	橙4易伤2时间1暴击	1挖青27时间3挖尘4暴击568a易伤9核
424	32154 16211	7	   	251.80	橙4易伤3时间	19最后敌人2459易伤3低血量敌人6核7基地爆炸89a时间9序列升级
425	32354 21611	6	   	251.70	橙4易伤3时间	19最后敌人2459易伤3挖尘6低血量敌人79a时间8核9序列升级
426	25261 73323	6	   	251.70	橙4易伤3时间	138矿等248a易伤5加一678时间8序列升级9核
427	32154 12211	7	   	251.70	橙4易伤3时间	19最后敌人2459易伤3低血量敌人6核7挖尘89a时间9序列升级
428	32154 12411	8	   	251.70	橙4易伤3时间	19最后敌人2459易伤3低血量敌人6核7挖尘89a时间9序列升级
429	32154 14211	6	   	251.70	橙4易伤3时间	19最后敌人2459易伤3低血量敌人6核7挖尘89a时间9序列升级
430	32154 11433	10	   	251.63	橙5易伤1时间	1最后敌人2457a易伤3低血量敌人6核8雷电9时间
431	12154 31112	9	   	251.39	橙3易伤2时间1等级1攻速	1攻速26时间3低血量敌人4矿等567易伤6序列升级8核9等级a雷电
432	12244 31112	9	   	251.39	橙3易伤2时间1等级1攻速	1攻速26时间3矿等4敌人爆炸567易伤6序列升级8核9等级a雷电
433	12244 31116	10	   	251.39	橙3易伤2时间1等级1攻速	1攻速26时间3矿等4敌人爆炸567易伤6序列升级8核9等级a雷电
434	12444 31112	9	   	251.39	橙3易伤2时间1等级1攻速	1攻速26时间3金币生成4敌人爆炸567易伤6序列升级8核9等级a雷电
435	12654 31112	9	   	251.39	橙3易伤2时间1等级1攻速	1攻速26时间3最后敌人4矿等567易伤6序列升级8核9等级a雷电
436	14611 21433	10	   	251.39	橙3易伤2时间1等级1攻速	1攻速2平台35时间459易伤5序列升级6最后敌人7等级8雷电a核
437	12124 31112	9	   	251.29	橙3易伤2时间1等级1攻速	1攻速26时间3低血量敌人4掉矿567易伤6序列升级8核9等级a雷电
438	12234 31112	9	   	251.29	橙3易伤2时间1等级1攻速	1攻速26时间3矿等4挖尘567易伤6序列升级8核9等级a雷电
439	12234 31116	10	   	251.29	橙3易伤2时间1等级1攻速	1攻速26时间3矿等4挖尘567易伤6序列升级8核9等级a雷电
440	12434 31112	9	   	251.29	橙3易伤2时间1等级1攻速	1攻速26时间3金币生成4挖尘567易伤6序列升级8核9等级a雷电
441	12434 31116	10	   	251.29	橙3易伤2时间1等级1攻速	1攻速26时间3金币生成4挖尘567易伤6序列升级8核9等级a雷电
442	12624 31112	9	   	251.29	橙3易伤2时间1等级1攻速	1攻速26时间3最后敌人4掉矿567易伤6序列升级8核9等级a雷电
443	12624 31116	10	   	251.29	橙3易伤2时间1等级1攻速	1攻速26时间3最后敌人4掉矿567易伤6序列升级8核9等级a雷电
444	42135 11143	1	   	251.23	橙2易伤2伤害2时间1暴击1攻速	1挖青29时间39易伤48伤害5攻速6核79策反9序列升级a暴击
445	32225 32246	2	   	251.11	橙3易伤1伤害1等级1时间1暴击	1最后敌人236易伤4暴击5等级7随机矿8伤害9核a时间
446	32225 33356	2	   	251.11	橙3易伤1伤害1等级1时间1暴击	1最后敌人236易伤4暴击5等级7核8金币生成9伤害a时间
447	52111 36312	8	   	251.11	橙3易伤1伤害1等级1时间1暴击	13低血量敌人27a易伤4等级5伤害6暴击8时间9核
448	25411 36112	5	   	251.11	橙3易伤1伤害1等级1时间1暴击	1矿等28a易伤3金币生成4等级5伤害6暴击7时间9核
449	52111 36112	6	   	251.11	橙3易伤1伤害1等级1时间1暴击	13低血量敌人28a易伤4等级5伤害6暴击7时间9核
450	52111 36112	5	   	251.11	橙3易伤1伤害1等级1时间1暴击	13低血量敌人28a易伤4等级5伤害6暴击7时间9核
451	52111 11314	7	   	251.02	橙3易伤2伤害2等级	139低血量敌人278易伤49等级59伤害6核9序列升级a雷电
452	52111 61314	5	   	251.02	橙3易伤2伤害2等级	139低血量敌人268易伤49等级59伤害7核9序列升级a雷电
453	12254 11614	7	   	250.94	橙4易伤1等级1时间1攻速	1攻速2时间3矿等457a易伤6核8等级9加一
454	12254 11623	7	   	250.94	橙4易伤1等级1时间1攻速	1攻速2时间3矿等457a易伤6核8等级9赏金邻近
455	52364 11212	6	   	250.92	橙3易伤3时间1暴击	1低血量敌人259易伤347时间6核8雷电a暴击
456	25144 12123	6	   	250.85	橙3易伤2时间1伤害2雷电	18矿等258易伤3低血量敌人4伤害6核78雷电8序列升级9a时间
457	25661 12123	6	   	250.85	橙3易伤2时间1伤害2雷电	18矿等248易伤3最后敌人5伤害6核78雷电8序列升级9a时间
458	14611 31523	10	   	250.80	橙2易伤3时间2伤害1攻速	1攻速2平台359时间45易伤5序列升级6金币生成78伤害a核
459	32523 13112	5	   	250.79	橙3易伤2时间2攻速1暴击	19最后敌人29a易伤3平台45时间6暴击7核89攻速9序列升级
460	32444 12123	6	   	250.75	橙3易伤2时间1伤害2雷电	18最后敌人258易伤3掉矿4伤害6核78雷电8序列升级9a时间
461	32461 12123	6	   	250.75	橙3易伤2时间1伤害2雷电	18最后敌人248易伤3掉矿5伤害6核78雷电8序列升级9a时间
462	12253 31531	9	   	250.73	橙3易伤2攻速1伤害1时间	16攻速2时间3矿等467易伤5加一6序列升级8雷电9伤害a核
463	12453 31531	9	   	250.73	橙3易伤2攻速1伤害1时间	16攻速2时间3金币生成467易伤5加一6序列升级8雷电9伤害a核
464	11435 11431	10	   	250.73	橙3易伤2攻速1伤害1时间	13攻速2随机矿3序列升级4时间57a易伤6核8雷电9伤害
465	12225 11431	10	   	250.73	橙3易伤2攻速1伤害1时间	14攻速2时间3矿等57a易伤6核8雷电9伤害
466	12225 11441	9	   	250.73	橙3易伤2攻速1伤害1时间	14攻速2时间3矿等579易伤6核8雷电a伤害
467	11416 33114	9	   	250.59	橙3易伤2时间2攻速1暴击	13攻速2随机矿3序列升级49a易伤5暴击68时间7核
468	11416 33116	10	   	250.59	橙3易伤2时间2攻速1暴击	13攻速2随机矿3序列升级49a易伤5暴击68时间7核
469	11436 13114	9	   	250.59	橙3易伤2时间2攻速1暴击	13攻速2随机矿3序列升级48时间5暴击69a易伤7核
470	11436 13116	10	   	250.59	橙3易伤2时间2攻速1暴击	13攻速2随机矿3序列升级48时间5暴击69a易伤7核
471	11416 33124	7	   	250.59	橙3易伤2时间2攻速1暴击	13攻速2随机矿3序列升级48a易伤5暴击69时间7核
472	11436 13124	7	   	250.59	橙3易伤2时间2攻速1暴击	13攻速2随机矿3序列升级49时间5暴击68a易伤7核
473	15123 16333	5	   	250.59	橙3易伤2时间2攻速1暴击	18攻速289易伤3低血量敌人4掉矿5加一6核78时间8序列升级a暴击
474	14611 43123	10	   	250.47	橙3易伤3时间2攻速	18攻速2平台356时间458易伤58序列升级78金币生成9矿等a核
475	14611 43133	10	   	250.47	橙3易伤3时间2攻速	18攻速2平台356时间458易伤58序列升级78金币生成9随机矿a核
476	12262 35126	10	   	250.47	橙3易伤3时间2攻速	18攻速245时间358矿等58序列升级6平台789易伤a核
477	32225 33521	2	   	250.36	橙3易伤1等级1时间1暴击1攻速	1最后敌人236易伤4暴击5等级7核8雷电9攻速a时间
478	52225 33521	2	   	250.36	橙3易伤1等级1时间1暴击1攻速	1低血量敌人236易伤4暴击5等级7核8雷电9攻速a时间
479	62225 33521	2	   	250.36	橙3易伤1时间1等级1暴击1攻速	1基地爆炸236易伤4暴击5等级7核8雷电9攻速a时间
480	14611 42123	10	   	250.27	橙3易伤3时间2攻速	18攻速2平台356时间459易伤5序列升级7基地爆炸a核
481	12265 11421	7	   	250.17	橙3易伤3时间2攻速	19攻速248时间3矿等57a易伤6核
482	12253 61421	4	   	250.17	橙3易伤3时间2攻速	19攻速258时间3矿等46a易伤7核
483	12254 11421	6	   	250.17	橙3易伤3时间2攻速	19攻速278时间3矿等45a易伤6核
484	14611 41123	10	   	250.17	橙3易伤3时间2攻速	18攻速2平台356时间459易伤5序列升级7挖尘a核
485	15123 16383	5	   	250.17	橙3易伤3时间2攻速	18攻速28a易伤3低血量敌人4掉矿5加一6核789时间8序列升级
486	15523 16323	5	   	250.17	橙3易伤3时间2攻速	18攻速28a易伤3基地爆炸4掉矿5加一6核789时间8序列升级
487	12124 31161	8	   	250.05	橙3易伤2时间1暴击1攻速1全技能	1攻速26时间3低血量敌人4掉矿567易伤6序列升级8核9暴击a全技能
488	12624 31161	8	   	250.05	橙3易伤2时间1暴击1攻速1全技能	1攻速26时间3最后敌人4掉矿567易伤6序列升级8核9暴击a全技能
489	32135 16412	1	   	250.00	橙3易伤2伤害1时间1攻速	19最后敌人2时间39a易伤47伤害5攻速6核89基地爆炸9序列升级
490	62233 34521	8	   	249.99	橙2易伤2时间1伤害1等级1暴击1攻速	137基地爆炸27易伤4伤害5攻速67时间7序列升级8暴击9等级a核
491	12631 66323	2	   	249.93	橙2易伤3攻速1等级1时间2雷电1暴击	189攻速2时间38雷电4低血量敌人5等级68易伤7核8序列升级a暴击
492	14612 23316	5	   	249.80	橙3易伤2伤害1时间1攻速	1攻速2平台3时间489易伤5策反67伤害a核
493	32135 15233	1	   	249.71	橙2易伤2时间1伤害2暴击1攻速1全技能	1a最后敌人27时间3a易伤4伤害5攻速6核8全技能9a暴击a序列升级
494	36135 15233	2	   	249.71	橙2易伤2时间1伤害2暴击1攻速1全技能	1a最后敌人27时间3a易伤4伤害5攻速6核8全技能9a暴击a序列升级
495	52135 15233	1	   	249.71	橙2易伤2时间1伤害2暴击1攻速1全技能	1a低血量敌人27时间3a易伤4伤害5攻速6核8全技能9a暴击a序列升级
496	32254 11336	6	   	249.70	橙4易伤1等级1时间1全技能	1最后敌人2459易伤3基地爆炸6核7时间8等级a全技能
497	12265 11152	7	   	249.62	橙3易伤3时间1攻速1全技能	1攻速249时间3矿等57a易伤6核8全技能
498	12253 61152	4	   	249.62	橙3易伤3时间1攻速1全技能	1攻速259时间3矿等46a易伤7核8全技能
499	12254 11152	7	   	249.62	橙3易伤3时间1攻速1全技能	1攻速29a时间3矿等457易伤6核8全技能
500	12254 11152	6	   	249.62	橙3易伤3时间1攻速1全技能	1攻速279时间3矿等45a易伤6核8全技能
501	32354 11336	6	   	249.60	橙4易伤1等级1时间1全技能	1最后敌人2459易伤3挖尘6核7时间8等级a全技能
502	25143 16333	5	   	249.55	橙3易伤2时间1伤害1暴击	18矿等289易伤3低血量敌人4伤害5加一6核78时间8序列升级a暴击
503	25323 23151	7	   	249.48	橙3易伤1伤害2暴击1时间	1矿等268易伤3时间4掉矿56暴击6序列升级7核9伤害a雷电
504	25323 23211	7	   	249.48	橙3易伤1伤害2暴击1时间	1矿等269易伤3时间4掉矿56暴击6序列升级7核8伤害a雷电
505	25323 23266	7	   	249.48	橙3易伤1伤害2暴击1时间	1矿等26a易伤3时间4掉矿56暴击6序列升级7核8伤害9雷电
506	12154 31123	9	   	249.48	橙4易伤2时间1攻速	1攻速26时间3低血量敌人49矿等567a易伤6序列升级8核
507	12154 31124	10	   	249.48	橙4易伤2时间1攻速	1攻速26时间3低血量敌人49矿等567a易伤6序列升级8核
508	12154 31131	9	   	249.48	橙4易伤2时间1攻速	1攻速26时间3低血量敌人4矿等5679易伤6序列升级8核a敌人爆炸
509	12154 31131	10	   	249.48	橙4易伤2时间1攻速	1攻速26时间3低血量敌人4矿等5679易伤6序列升级8核a基地爆炸
510	12154 31132	10	   	249.48	橙4易伤2时间1攻速	1攻速26时间3低血量敌人4矿等5679易伤6序列升级8核a随机矿
511	12154 31132	8	   	249.48	橙4易伤2时间1攻速	1攻速26时间3低血量敌人4矿等567a易伤6序列升级8核9基地爆炸
512	12154 31135	9	   	249.48	橙4易伤2时间1攻速	1攻速26时间3低血量敌人4矿等5679易伤6序列升级8核a随机矿
513	12154 31136	10	   	249.48	橙4易伤2时间1攻速	1攻速26时间3低血量敌人4矿等5679易伤6序列升级8核a策反
514	12154 31162	9	   	249.48	橙4易伤2时间1攻速	1攻速26时间3低血量敌人4矿等567a易伤6序列升级8核9基地爆炸
515	12154 31163	8	   	249.48	橙4易伤2时间1攻速	1攻速26时间3低血量敌人4矿等567a易伤6序列升级8核9立即金币
516	12244 31124	10	   	249.48	橙4易伤2时间1攻速	1攻速26时间39矿等4敌人爆炸567a易伤6序列升级8核
517	12244 31126	9	   	249.48	橙4易伤2时间1攻速	1攻速26时间39矿等4敌人爆炸567a易伤6序列升级8核
518	12244 31131	10	   	249.48	橙4易伤2时间1攻速	1攻速26时间3矿等4敌人爆炸5679易伤6序列升级8核a基地爆炸
519	12244 31131	9	   	249.48	橙4易伤2时间1攻速	1攻速26时间3矿等4a敌人爆炸5679易伤6序列升级8核
520	12244 31132	10	   	249.48	橙4易伤2时间1攻速	1攻速26时间3矿等4敌人爆炸5679易伤6序列升级8核a随机矿
521	12244 31132	8	   	249.48	橙4易伤2时间1攻速	1攻速26时间3矿等4敌人爆炸567a易伤6序列升级8核9基地爆炸
522	12244 31132	9	   	249.48	橙4易伤2时间1攻速	1攻速26时间3矿等4敌人爆炸5679易伤6序列升级8核a基地爆炸
523	12244 31133	9	   	249.48	橙4易伤2时间1攻速	1攻速26时间3矿等4敌人爆炸5679易伤6序列升级8核a立即金币
524	12244 31135	9	   	249.48	橙4易伤2时间1攻速	1攻速26时间3矿等4敌人爆炸5679易伤6序列升级8核a随机矿
525	12244 31136	10	   	249.48	橙4易伤2时间1攻速	1攻速26时间3矿等4敌人爆炸5679易伤6序列升级8核a策反
526	12244 31152	8	   	249.48	橙4易伤2时间1攻速	1攻速26时间3矿等4敌人爆炸567a易伤6序列升级8核9低血量敌人
527	12244 31162	9	   	249.48	橙4易伤2时间1攻速	1攻速26时间3矿等4敌人爆炸567a易伤6序列升级8核9基地爆炸
528	12444 31122	8	   	249.48	橙4易伤2时间1攻速	1攻速26时间3金币生成4敌人爆炸567a易伤6序列升级8核9最后敌人
529	12444 31132	9	   	249.48	橙4易伤2时间1攻速	1攻速26时间3金币生成4敌人爆炸567a易伤6序列升级8核9低血量敌人
530	12654 31123	9	   	249.48	橙4易伤2时间1攻速	1攻速26时间3最后敌人49矿等567a易伤6序列升级8核
531	12654 31131	9	   	249.48	橙4易伤2时间1攻速	1攻速26时间3最后敌人4矿等5679易伤6序列升级8核a敌人爆炸
532	12654 31131	10	   	249.48	橙4易伤2时间1攻速	1攻速26时间3最后敌人4矿等5679易伤6序列升级8核a基地爆炸
533	12654 31132	8	   	249.48	橙4易伤2时间1攻速	1攻速26时间3最后敌人4矿等567a易伤6序列升级8核9基地爆炸
534	12654 31132	10	   	249.48	橙4易伤2时间1攻速	1攻速26时间3最后敌人4矿等5679易伤6序列升级8核a随机矿
535	14611 31151	5	   	249.48	橙4易伤2时间1攻速	1攻速2平台35时间4569易伤5序列升级7a低血量敌人8核
536	14611 32151	5	   	249.48	橙4易伤2时间1攻速	1攻速2平台35时间4569易伤5序列升级7敌人爆炸8核a低血量敌人
537	14611 32152	5	   	249.48	橙4易伤2时间1攻速	1攻速2平台35时间4569易伤5序列升级7敌人爆炸8核a基地爆炸
538	14611 32153	5	   	249.48	橙4易伤2时间1攻速	1攻速2平台35时间4569易伤5序列升级7敌人爆炸8核a策反
539	12251 31134	10	   	249.48	橙4易伤2时间1攻速	1攻速26时间3矿等479a易伤56敌人爆炸6序列升级8核
540	12251 31136	9	   	249.48	橙4易伤2时间1攻速	1攻速26时间3矿等479a易伤56敌人爆炸6序列升级8核
541	32654 13321	6	   	249.45	橙3易伤2时间2等级1暴击	18最后敌人245易伤38时间6核78等级8序列升级9赏金邻近a暴击
542	25343 52112	4	   	249.45	橙3易伤2时间1伤害1暴击	1矿等28a易伤35时间4伤害6暴击7低血量敌人9核
543	25363 52112	3	   	249.45	橙3易伤2时间1伤害1暴击	1矿等28a易伤35时间4伤害6暴击7低血量敌人9核
544	32261 36116	2	   	249.45	橙3易伤2时间1伤害1暴击	1最后敌人238易伤4伤害5金币生成6暴击7a时间9核
545	32625 15112	5	   	249.45	橙3易伤2时间1伤害1暴击	1最后敌人28a易伤37时间4暴击5金币生成6伤害9核
546	32626 15112	4	   	249.45	橙3易伤2时间1伤害1暴击	1最后敌人28a易伤37时间4暴击5金币生成6伤害9核
547	52325 15112	5	   	249.45	橙3易伤2时间1伤害1暴击	1低血量敌人28a易伤37时间4暴击5金币生成6伤害9核
548	52326 15112	4	   	249.45	橙3易伤2时间1伤害1暴击	1低血量敌人28a易伤37时间4暴击5金币生成6伤害9核
549	22223 41512	1	   	249.41	橙3易伤3伤害1攻速	19矿等2随机矿3攻速49a易伤5立即金币689伤害7核9序列升级
550	12265 11334	10	   	249.38	橙4易伤2时间1攻速	1攻速24时间3矿等579a易伤6核8敌人爆炸
551	12265 11336	9	   	249.38	橙4易伤2时间1攻速	1攻速24时间3矿等579a易伤6核8敌人爆炸
552	12265 11532	9	   	249.38	橙4易伤2时间1攻速	1攻速24时间3矿等579a易伤6核8金币生成
553	12265 11633	9	   	249.38	橙4易伤2时间1攻速	1攻速24时间3矿等579a易伤6核8基地爆炸
554	12124 31132	8	   	249.38	橙4易伤2时间1攻速	1攻速26时间3低血量敌人4掉矿567a易伤6序列升级8核9基地爆炸
555	12124 31134	10	   	249.38	橙4易伤2时间1攻速	1攻速26时间39低血量敌人4掉矿567a易伤6序列升级8核
556	12124 31136	9	   	249.38	橙4易伤2时间1攻速	1攻速26时间39低血量敌人4掉矿567a易伤6序列升级8核
557	12124 31162	9	   	249.38	橙4易伤2时间1攻速	1攻速26时间3低血量敌人4掉矿567a易伤6序列升级8核9基地爆炸
558	12154 31132	9	   	249.38	橙4易伤2时间1攻速	1攻速26时间3低血量敌人4矿等5679易伤6序列升级8核a掉矿
559	12154 31134	9	   	249.38	橙4易伤2时间1攻速	1攻速26时间3低血量敌人4矿等5679易伤6序列升级8核a挖尘
560	12154 31135	10	   	249.38	橙4易伤2时间1攻速	1攻速26时间3低血量敌人4矿等5679易伤6序列升级8核a掉矿
561	12154 31142	9	   	249.38	橙4易伤2时间1攻速	1攻速26时间3低血量敌人4矿等567a易伤6序列升级8核9挖尘
562	12154 31152	9	   	249.38	橙4易伤2时间1攻速	1攻速26时间3低血量敌人4矿等567a易伤6序列升级8核9加一
563	12154 31153	8	   	249.38	橙4易伤2时间1攻速	1攻速26时间3低血量敌人4矿等567a易伤6序列升级8核9挖青
564	12234 31123	9	   	249.38	橙4易伤2时间1攻速	1攻速26时间39矿等4挖尘567a易伤6序列升级8核
565	12234 31124	10	   	249.38	橙4易伤2时间1攻速	1攻速26时间39矿等4挖尘567a易伤6序列升级8核
566	12234 31131	9	   	249.38	橙4易伤2时间1攻速	1攻速26时间3矿等4挖尘5679易伤6序列升级8核a敌人爆炸
567	12234 31131	10	   	249.38	橙4易伤2时间1攻速	1攻速26时间3矿等4挖尘5679易伤6序列升级8核a基地爆炸
568	12234 31132	10	   	249.38	橙4易伤2时间1攻速	1攻速26时间3矿等4挖尘5679易伤6序列升级8核a随机矿
569	12234 31132	8	   	249.38	橙4易伤2时间1攻速	1攻速26时间3矿等4挖尘567a易伤6序列升级8核9基地爆炸
570	12234 31135	9	   	249.38	橙4易伤2时间1攻速	1攻速26时间3矿等4挖尘5679易伤6序列升级8核a基地爆炸
571	12234 31136	9	   	249.38	橙4易伤2时间1攻速	1攻速26时间3矿等4挖尘5679易伤6序列升级8核a低血量敌人
572	12234 31136	10	   	249.38	橙4易伤2时间1攻速	1攻速26时间3矿等4挖尘5679易伤6序列升级8核a策反
573	12234 31152	8	   	249.38	橙4易伤2时间1攻速	1攻速26时间3矿等4挖尘567a易伤6序列升级8核9低血量敌人
574	12244 31134	9	   	249.38	橙4易伤2时间1攻速	1攻速26时间3矿等4敌人爆炸5679易伤6序列升级8核a挖尘
575	12244 31135	10	   	249.38	橙4易伤2时间1攻速	1攻速26时间3矿等4敌人爆炸5679易伤6序列升级8核a掉矿
576	12244 31142	9	   	249.38	橙4易伤2时间1攻速	1攻速26时间3矿等4敌人爆炸567a易伤6序列升级8核9挖尘
577	12244 31152	9	   	249.38	橙4易伤2时间1攻速	1攻速26时间3矿等4敌人爆炸567a易伤6序列升级8核9加一
578	12254 11132	9	   	249.38	橙4易伤2时间1攻速	1攻速29时间3矿等457a易伤6核8随机矿
579	12254 11133	10	   	249.38	橙4易伤2时间1攻速	1攻速29时间3矿等457a易伤6核8随机矿
580	12434 31113	8	   	249.38	橙4易伤2时间1攻速	1攻速26时间39金币生成4挖尘567a易伤6序列升级8核
581	12434 31122	8	   	249.38	橙4易伤2时间1攻速	1攻速26时间3金币生成4挖尘567a易伤6序列升级8核9最后敌人
582	12434 31132	9	   	249.38	橙4易伤2时间1攻速	1攻速26时间3金币生成4挖尘567a易伤6序列升级8核9低血量敌人
583	12434 31152	8	   	249.38	橙4易伤2时间1攻速	1攻速26时间3金币生成4挖尘567a易伤6序列升级8核9低血量敌人
584	12454 11132	9	   	249.38	橙4易伤2时间1攻速	1攻速29时间3金币生成457a易伤6核8随机矿
585	12624 31132	8	   	249.38	橙4易伤2时间1攻速	1攻速26时间3最后敌人4掉矿567a易伤6序列升级8核9基地爆炸
586	12624 31162	9	   	249.38	橙4易伤2时间1攻速	1攻速26时间3最后敌人4掉矿567a易伤6序列升级8核9基地爆炸
587	12654 31132	9	   	249.38	橙4易伤2时间1攻速	1攻速26时间3最后敌人4矿等5679易伤6序列升级8核a掉矿
588	12234 33133	9	   	249.38	橙4易伤2时间1攻速	1攻速26时间37矿等4挖尘569a易伤6序列升级8核
589	12234 33134	10	   	249.38	橙4易伤2时间1攻速	1攻速26时间37矿等4挖尘569a易伤6序列升级8核
590	12265 21133	9	   	249.38	橙4易伤2时间1攻速	1攻速24时间3矿等579a易伤6低血量敌人8核
591	12265 21134	10	   	249.38	橙4易伤2时间1攻速	1攻速24时间3矿等579a易伤6低血量敌人8核
592	32461 11262	6	   	249.35	橙3易伤2时间1伤害1暴击	1最后敌人24a易伤3掉矿5伤害6核78时间9暴击
593	41131 15112	4	   	249.35	橙3易伤2时间1伤害1暴击	1挖青2随机矿3暴击48a易伤57时间6伤害9核
594	41136 15112	5	   	249.35	橙3易伤2时间1伤害1暴击	1挖青2随机矿3暴击48a易伤57时间6伤害9核
595	12265 11233	9	   	249.28	橙4易伤2时间1攻速	1攻速24时间3矿等579a易伤6核8挖尘
596	12265 11234	10	   	249.28	橙4易伤2时间1攻速	1攻速24时间3矿等579a易伤6核8挖尘
597	12124 31142	9	   	249.28	橙4易伤2时间1攻速	1攻速26时间3低血量敌人4掉矿567a易伤6序列升级8核9挖尘
598	12124 31146	8	   	249.28	橙4易伤2时间1攻速	1攻速26时间3低血量敌人49掉矿567a易伤6序列升级8核
599	12124 31152	9	   	249.28	橙4易伤2时间1攻速	1攻速26时间3低血量敌人4掉矿567a易伤6序列升级8核9加一
600	12234 31132	9	   	249.28	橙4易伤2时间1攻速	1攻速26时间3矿等4挖尘5679易伤6序列升级8核a掉矿
601	12234 31134	9	   	249.28	橙4易伤2时间1攻速	1攻速26时间3矿等4a挖尘5679易伤6序列升级8核
602	12234 31135	10	   	249.28	橙4易伤2时间1攻速	1攻速26时间3矿等4挖尘5679易伤6序列升级8核a掉矿
603	12234 31143	9	   	249.28	橙4易伤2时间1攻速	1攻速26时间3矿等49挖尘567a易伤6序列升级8核
604	12234 31144	10	   	249.28	橙4易伤2时间1攻速	1攻速26时间3矿等49挖尘567a易伤6序列升级8核
605	12234 32133	9	   	249.28	橙4易伤2时间1攻速	1攻速26时间3矿等47挖尘569a易伤6序列升级8核
606	12234 32134	10	   	249.28	橙4易伤2时间1攻速	1攻速26时间3矿等47挖尘569a易伤6序列升级8核
607	12252 31133	9	   	249.28	橙4易伤2时间1攻速	1攻速26时间3矿等479a易伤56挖尘6序列升级8核
608	12252 31134	10	   	249.28	橙4易伤2时间1攻速	1攻速26时间3矿等479a易伤56挖尘6序列升级8核
609	12254 11433	7	   	249.28	橙4易伤2时间1攻速	1攻速28时间3矿等457a易伤6核9挖青
610	12434 31143	9	   	249.28	橙4易伤2时间1攻速	1攻速26时间3金币生成49挖尘567a易伤6序列升级8核
611	12624 31142	9	   	249.28	橙4易伤2时间1攻速	1攻速26时间3最后敌人4掉矿567a易伤6序列升级8核9挖尘
612	12624 31152	9	   	249.28	橙4易伤2时间1攻速	1攻速26时间3最后敌人4掉矿567a易伤6序列升级8核9加一
613	25324 11422	7	   	249.28	橙4易伤2时间1攻速	1矿等257a易伤38时间4掉矿6核9攻速
614	12213 61631	6	   	249.23	橙2易伤3时间3攻速1等级	158攻速268时间3矿等4等级78易伤8序列升级9基地爆炸a核
615	12213 65631	7	   	249.23	橙2易伤3时间3攻速1等级	158攻速268时间3矿等4等级78易伤8序列升级9基地爆炸a核
616	15213 63631	6	   	249.23	橙2易伤3时间3攻速1等级	158攻速28易伤3矿等4等级678时间8序列升级9基地爆炸a核
617	15413 23631	5	   	249.23	橙2易伤3时间3攻速1等级	158攻速28易伤3金币生成4等级678时间8序列升级9基地爆炸a核
618	14611 33141	5	   	249.23	橙4易伤2时间1攻速1卖塔	1攻速2平台35时间4568易伤5序列升级7金币生成9卖塔a核
619	12124 31152	8	   	249.13	橙4易伤2时间1攻速1卖塔	1攻速26时间3低血量敌人4掉矿567a易伤6序列升级8核9卖塔
620	12624 31152	8	   	249.13	橙4易伤2时间1攻速1卖塔	1攻速26时间3最后敌人4掉矿567a易伤6序列升级8核9卖塔
621	62521 33216	5	   	248.91	橙4易伤2攻速1伤害	1基地爆炸2569易伤3平台45攻速5序列升级7金币生成8伤害a核
622	32256 13112	6	   	248.91	橙4易伤2攻速1伤害	19最后敌人249a易伤3基地爆炸5伤害6加一7核89攻速9序列升级
623	13114 16115	1	   	248.86	橙2易伤3伤害2攻速1时间	19攻速29易伤3低血量敌人4时间579伤害6核8加一9序列升级a随机矿
624	13114 16116	1	   	248.86	橙2易伤3伤害2攻速1时间	19攻速29易伤3低血量敌人4时间579伤害6核8加一9序列升级a敌人爆炸
625	13114 16117	1	   	248.86	橙2易伤3伤害2攻速1时间	19攻速29易伤3a低血量敌人4时间579伤害6核8加一9序列升级
626	13114 16118	1	   	248.86	橙2易伤3伤害2攻速1时间	19攻速29易伤3低血量敌人4时间579伤害6核8加一9序列升级a双倍矿
627	32635 16114	3	   	248.86	橙2易伤3伤害2攻速1时间	19最后敌人29易伤3时间47a伤害59攻速6核8加一9序列升级
628	32635 16114	2	   	248.86	橙2易伤3伤害2攻速1时间	19最后敌人29易伤3时间47a伤害59攻速6核8加一9序列升级
629	52335 16114	3	   	248.86	橙2易伤3伤害2攻速1时间	19低血量敌人29易伤3时间47a伤害59攻速6核8加一9序列升级
630	13164 61312	1	   	248.81	橙4易伤2攻速1伤害	15攻速268a易伤3低血量敌人4伤害7核9矿等
631	13164 61322	1	   	248.81	橙4易伤2攻速1伤害	15攻速268a易伤3低血量敌人4伤害7核9金币生成
632	32356 13112	6	   	248.81	橙4易伤2攻速1伤害	19最后敌人249a易伤3挖尘5伤害6加一7核89攻速9序列升级
633	13114 16113	1	   	248.76	橙2易伤3伤害2攻速1时间	19攻速29易伤3低血量敌人4时间579伤害6核8加一9序列升级a赏金塔
634	13114 16114	1	   	248.76	橙2易伤3伤害2攻速1时间1核弹	19攻速29易伤3低血量敌人4时间579伤害6核8加一9序列升级a核弹
635	15114 16113	2	   	248.76	橙2易伤3伤害2攻速1时间	19攻速29易伤3低血量敌人4时间579伤害6核8加一9序列升级a赏金塔
636	15114 16113	3	   	248.76	橙2易伤3伤害2攻速1时间	19攻速29易伤3低血量敌人4时间579伤害6核8加一9序列升级a赏金塔
637	15114 16114	2	   	248.76	橙2易伤3伤害2攻速1时间1核弹	19攻速29易伤3低血量敌人4时间579伤害6核8加一9序列升级a核弹
638	15114 16114	3	   	248.76	橙2易伤3伤害2攻速1时间1核弹	19攻速29易伤3低血量敌人4时间579伤害6核8加一9序列升级a核弹
639	32234 15422	8	   	248.66	橙3易伤2伤害1时间1全技能	1a最后敌人25a易伤3基地爆炸4立即金币6核7时间8全技能9a伤害a序列升级
640	62213 36222	2	   	248.66	橙3易伤2伤害1时间1全技能	16a基地爆炸23a易伤4敌人爆炸5全技能7核8时间9a伤害a序列升级
641	32334 15422	8	   	248.56	橙3易伤2伤害1时间1全技能	1a最后敌人25a易伤3挖尘4立即金币6核7时间8全技能9a伤害a序列升级
642	32634 12422	8	   	248.56	橙3易伤2伤害1时间1全技能	1a最后敌人25a易伤3时间4立即金币6核7挖尘8全技能9a伤害a序列升级
643	52334 12422	8	   	248.56	橙3易伤2伤害1时间1全技能	1a低血量敌人25a易伤3时间4立即金币6核7挖尘8全技能9a伤害a序列升级
644	14111 66323	7	   	248.54	橙4易伤1时间1暴击1攻速	1攻速2平台35低血量敌人4568易伤5序列升级7核9时间a暴击
645	15151 36112	4	   	248.54	橙4易伤1时间1暴击1攻速	1攻速248a易伤34低血量敌人4序列升级5金币生成6暴击7时间9核
646	12124 11332	3	   	248.46	橙3易伤1伤害1等级1时间1攻速	1攻速2时间3低血量敌人49a易伤5伤害6核7策反8等级
647	12124 11332	2	   	248.46	橙3易伤1伤害1等级1时间1攻速	1攻速2时间3低血量敌人49a易伤5伤害6核7策反8等级
648	12144 11332	5	   	248.46	橙3易伤1伤害1等级1时间1攻速	1攻速2时间3低血量敌人4伤害59a易伤6核7策反8等级
649	13114 11332	1	   	248.46	橙3易伤1伤害1等级1时间1攻速	1攻速29a易伤3低血量敌人4时间5伤害6核7策反8等级
650	15114 11332	3	   	248.46	橙3易伤1伤害1等级1时间1攻速	1攻速29a易伤3低血量敌人4时间5伤害6核7策反8等级
651	15114 11332	2	   	248.46	橙3易伤1伤害1等级1时间1攻速	1攻速29a易伤3低血量敌人4时间5伤害6核7策反8等级
652	16124 11332	1	   	248.46	橙3易伤1伤害1等级1时间1攻速	1攻速2时间3低血量敌人49a易伤5伤害6核7策反8等级
653	52135 11332	1	   	248.46	橙3易伤1伤害1等级1时间1攻速	1低血量敌人2时间39a易伤4伤害5攻速6核7策反8等级
654	52335 11332	3	   	248.46	橙3易伤1伤害1等级1时间1攻速	1低血量敌人29a易伤3时间4伤害5攻速6核7策反8等级
655	52635 11332	2	   	248.46	橙3易伤1伤害1等级1时间1攻速	1低血量敌人29a易伤3时间4伤害5攻速6核7策反8等级
656	32352 15422	8	   	248.46	橙3易伤2伤害1时间1全技能	1a最后敌人24a易伤35挖尘6核7时间8全技能9a伤害a序列升级
657	52322 15111	5	   	248.45	橙2易伤2时间1伤害1等级1暴击1全技能	1低血量敌人28易伤37时间4暴击5等级6伤害9核a全技能
658	12254 52112	5	   	248.44	橙4易伤1时间1暴击1攻速	1攻速2时间3矿等458a易伤6暴击7低血量敌人9核
659	13156 16112	1	   	248.44	橙4易伤1等级1暴击1攻速	1攻速278a易伤3低血量敌人4等级5暴击6敌人爆炸9核
660	13531 32112	1	   	248.44	橙4易伤1时间1暴击1攻速	1攻速268a易伤3暴击4最后敌人5时间7金币生成9核
661	15256 32112	6	   	248.44	橙4易伤1时间1暴击1攻速	1攻速248a易伤3矿等5暴击6时间7低血量敌人9核
662	15256 32112	7	   	248.44	橙4易伤1时间1暴击1攻速	1攻速248a易伤3矿等5暴击6时间7低血量敌人9核
663	15256 33132	7	   	248.44	橙4易伤1时间1暴击1攻速	1攻速248a易伤3矿等5暴击6时间7核9低血量敌人
664	15531 32112	2	   	248.44	橙4易伤1时间1暴击1攻速	1攻速268a易伤3暴击4最后敌人5时间7金币生成9核
665	32255 36112	2	   	248.44	橙4易伤1时间1暴击1攻速	1最后敌人238a易伤4金币生成5攻速6暴击7时间9核
666	32653 11112	7	   	248.44	橙4易伤1时间1暴击1攻速	1最后敌人248a易伤3时间5暴击6攻速7随机矿9核
667	32653 12112	6	   	248.44	橙4易伤1时间1暴击1攻速	1最后敌人248a易伤3时间5暴击6攻速7金币生成9核
668	32653 15112	7	   	248.44	橙4易伤1时间1暴击1攻速	1最后敌人248a易伤3时间5暴击6攻速7金币生成9核
669	52353 11112	7	   	248.44	橙4易伤1时间1暴击1攻速	1低血量敌人248a易伤3时间5暴击6攻速7随机矿9核
670	52353 12112	6	   	248.44	橙4易伤1时间1暴击1攻速	1低血量敌人248a易伤3时间5暴击6攻速7金币生成9核
671	52353 15112	7	   	248.44	橙4易伤1时间1暴击1攻速	1低血量敌人248a易伤3时间5暴击6攻速7金币生成9核
672	15251 36112	5	   	248.44	橙4易伤1时间1暴击1攻速	1攻速248a易伤3矿等5最后敌人6暴击7时间9核
673	15252 36112	5	   	248.44	橙4易伤1时间1暴击1攻速	1攻速248a易伤3矿等5低血量敌人6暴击7时间9核
674	15252 36112	6	   	248.44	橙4易伤1时间1暴击1攻速	1攻速248a易伤3矿等5低血量敌人6暴击7时间9核
675	15252 36312	8	   	248.44	橙4易伤1时间1暴击1攻速	1攻速247a易伤3矿等5低血量敌人6暴击8时间9核
676	32625 16112	7	   	248.44	橙4易伤1时间1暴击1攻速	1最后敌人268a易伤3时间4暴击5金币生成7攻速9核
677	32625 32112	4	   	248.44	橙4易伤1时间1暴击1攻速	1最后敌人268a易伤3时间4暴击5攻速7金币生成9核
678	52323 32112	5	   	248.44	橙4易伤1时间1暴击1攻速	1低血量敌人268a易伤3时间4暴击5攻速7金币生成9核
679	52325 16112	7	   	248.44	橙4易伤1时间1暴击1攻速	1低血量敌人268a易伤3时间4暴击5金币生成7攻速9核
680	52325 32112	4	   	248.44	橙4易伤1时间1暴击1攻速	1低血量敌人268a易伤3时间4暴击5攻速7金币生成9核
681	11264 14232	9	   	248.39	橙5易伤2攻速	17攻速2随机矿37基地爆炸4579a易伤6核7序列升级8掉矿
682	11264 14233	10	   	248.39	橙5易伤2攻速	17攻速2随机矿37基地爆炸4579a易伤6核7序列升级8掉矿
683	13254 11611	7	   	248.39	橙5易伤2攻速	19攻速2掉矿389基地爆炸4579a易伤6核9序列升级
684	13254 11611	8	   	248.39	橙5易伤2攻速	19攻速2掉矿389基地爆炸4579a易伤6核9序列升级
685	21144 36311	6	 * 	248.39	紫5易伤3伤害	169矿等2核3低血量敌人479伤害5689a易伤69序列升级
686	42135 11332	1	   	248.36	橙3易伤1伤害1等级1时间1攻速	1挖青2时间39a易伤4伤害5攻速6核7策反8等级
687	45135 11332	2	   	248.36	橙3易伤1伤害1等级1时间1攻速	1挖青2时间39a易伤4伤害5攻速6核7策反8等级
688	32461 11163	7	   	248.36	橙3易伤2伤害1等级1全技能	1最后敌人247易伤3掉矿5a伤害6核8全技能9等级
689	32654 11312	9	   	248.35	橙4易伤1时间1等级	1最后敌人2457易伤3时间6核8敌人爆炸9等级a雷电
690	32654 12332	6	   	248.35	橙4易伤1时间1等级	1最后敌人2459易伤3时间6核7低血量敌人8等级a雷电
691	32654 21112	9	   	248.35	橙4易伤1时间1等级	1最后敌人2457易伤3时间6低血量敌人8核9等级a雷电
692	52354 11312	9	   	248.35	橙4易伤1时间1等级	1低血量敌人2457易伤3时间6核8敌人爆炸9等级a雷电
693	32154 11332	6	   	248.35	橙4易伤1时间1等级	1最后敌人2459易伤3低血量敌人6核7时间8等级a雷电
694	32254 11332	6	   	248.35	橙4易伤1等级1时间	1最后敌人2459易伤3基地爆炸6核7时间8等级a雷电
695	32254 15332	7	   	248.35	橙4易伤1等级1时间	1最后敌人2459易伤3基地爆炸6核7时间8等级a雷电
696	62154 11332	6	   	248.35	橙4易伤1等级1时间	1基地爆炸2459易伤3低血量敌人6核7时间8等级a雷电
697	13511 33112	1	   	248.34	橙4易伤1时间1暴击1攻速	1攻速268a易伤3暴击4挖青5时间7金币生成9核
698	15124 36112	6	   	248.34	橙4易伤1时间1暴击1攻速	1攻速258a易伤3低血量敌人4掉矿6暴击7时间9核
699	15124 36312	8	   	248.34	橙4易伤1时间1暴击1攻速	1攻速257a易伤3低血量敌人4掉矿6暴击8时间9核
700	15256 11312	10	   	248.34	橙4易伤1时间1暴击1攻速	1攻速2469易伤3矿等5暴击7挖尘8时间a核
701	15511 33112	2	   	248.34	橙4易伤1时间1暴击1攻速	1攻速268a易伤3暴击4挖青5时间7金币生成9核
702	32462 31162	8	   	248.34	橙4易伤1时间1暴击1攻速	1最后敌人247a易伤3掉矿5时间6攻速8核9暴击
703	11325 14352	10	   	248.33	橙3易伤3攻速1等级1时间	147攻速2随机矿37敌人爆炸57a易伤6核7序列升级8时间9等级
704	11411 14352	10	   	248.33	橙3易伤3攻速1等级1时间	137攻速2随机矿37序列升级47a易伤57最后敌人6核8时间9等级
705	32354 11332	6	   	248.25	橙4易伤1时间1等级	1最后敌人2459易伤3挖尘6核7时间8等级a雷电
706	32354 15332	7	   	248.25	橙4易伤1时间1等级	1最后敌人2459易伤3挖尘6核7时间8等级a雷电
707	32654 11212	9	   	248.25	橙4易伤1时间1等级	1最后敌人2457易伤3时间6核8挖尘9等级a雷电
708	32654 12332	7	   	248.25	橙4易伤1时间1等级	1最后敌人2459易伤3时间6核7挖尘8等级a雷电
709	32655 21223	10	   	248.25	橙4易伤1时间1等级	1最后敌人2478易伤3时间5等级6掉矿9核a雷电
710	52354 11212	9	   	248.25	橙4易伤1时间1等级	1低血量敌人2457易伤3时间6核8挖尘9等级a雷电
711	52354 12332	7	   	248.25	橙4易伤1时间1等级	1低血量敌人2459易伤3时间6核7挖尘8等级a雷电
712	52355 21223	10	   	248.25	橙4易伤1时间1等级	1低血量敌人2478易伤3时间5等级6掉矿9核a雷电
713	62354 11332	6	   	248.25	橙4易伤1时间1等级	1基地爆炸2459易伤3挖尘6核7时间8等级a雷电
714	32634 11123	7	   	248.23	橙4易伤2时间1全技能	19a最后敌人257a易伤3a时间4立即金币6核8全技能a序列升级
715	32634 11133	7	   	248.23	橙4易伤2时间1全技能	1a最后敌人257a易伤3a时间49立即金币6核8全技能a序列升级
716	32634 11143	7	   	248.23	橙4易伤2时间1全技能	1a最后敌人257a易伤3a时间4立即金币6核8全技能9双倍矿a序列升级
717	52334 11133	7	   	248.23	橙4易伤2时间1全技能	1a低血量敌人257a易伤3a时间4立即金币6核8全技能9双倍矿a序列升级
718	52354 12133	6	   	248.23	橙4易伤2时间1全技能	17a低血量敌人245a易伤3a时间6核8全技能9双倍矿a序列升级
719	52354 13133	6	   	248.23	橙4易伤2时间1全技能	1a低血量敌人245a易伤3a时间6核7立即金币8全技能9双倍矿a序列升级
720	23325 33524	1	   	248.23	橙3易伤2攻速2等级1暴击	1矿等26a易伤3金币生成4暴击5a等级7核8雷电9a攻速a序列升级
721	13144 52313	6	   	248.17	橙3易伤2攻速1等级1时间1全技能	16攻速2掉矿3全技能4等级567易伤6序列升级8时间9赏金塔a核
722	32354 16211	7	   	248.13	橙4易伤2时间1全技能	19最后敌人2459易伤3挖尘6核7基地爆炸89时间9序列升级a全技能
723	32254 12211	7	   	248.13	橙4易伤2时间1全技能	19最后敌人2459易伤3基地爆炸6核7挖尘89时间9序列升级a全技能
724	32254 14211	6	   	248.13	橙4易伤2时间1全技能	19最后敌人2459易伤3基地爆炸6核7挖尘89时间9序列升级a全技能
725	62154 12211	7	   	248.13	橙4易伤2时间1全技能	19基地爆炸2459易伤3低血量敌人6核7挖尘89时间9序列升级a全技能
726	23161 16311	6	   	248.06	橙3易伤3伤害1全技能	19矿等23低血量敌人489易伤579伤害6核9序列升级a全技能
727	23165 61311	1	   	248.06	橙3易伤3伤害1全技能	19矿等268易伤39低血量敌人459伤害7核9序列升级a全技能
728	25146 11311	7	   	248.06	橙3易伤3伤害1全技能	19矿等278易伤39低血量敌人459伤害6核9序列升级a全技能
729	32654 11122	7	   	248.03	橙4易伤2时间1全技能	19最后敌人2457易伤3a时间6核8全技能
730	32654 11132	7	   	248.03	橙4易伤2时间1全技能	1最后敌人2457易伤3a时间6核8全技能9立即金币
731	52354 11132	7	   	248.03	橙4易伤2时间1全技能	1低血量敌人2457易伤3a时间6核8全技能9双倍矿
732	13213 61311	2	   	248.03	橙4易伤3攻速1全技能	139攻速2掉矿49低血量敌人5689易伤7核9序列升级a全技能
733	12265 16133	9	   	247.89	橙2易伤2伤害2时间2攻速	19攻速24时间39矿等5a易伤6核7金币生成89伤害9序列升级
734	12234 33152	10	   	247.89	橙2易伤2伤害2时间2攻速	1a攻速26时间37a矿等4挖尘56易伤6a序列升级8核9a伤害
735	14111 66313	7	   	247.84	橙5易伤1攻速1全技能	1攻速2平台35低血量敌人45689易伤5序列升级7核a全技能
736	12265 11252	10	   	247.79	橙2易伤2伤害2时间2攻速	1a攻速24时间3a矿等57易伤6核8挖尘9a伤害a序列升级
737	12265 13134	10	   	247.79	橙2易伤2伤害2时间2攻速	19攻速24时间39矿等5a易伤6核7掉矿89伤害9序列升级
738	13114 15115	1	   	247.79	橙2易伤2伤害2时间2攻速	19攻速29易伤3低血量敌人47时间59伤害6核8加一9序列升级a敌人爆炸
739	13114 15117	1	   	247.79	橙2易伤2伤害2时间2攻速	19攻速29易伤3低血量敌人47时间59伤害6核8加一9序列升级a立即金币
740	13114 15118	1	   	247.79	橙2易伤2伤害2时间2攻速	19攻速29易伤3低血量敌人47时间59伤害6核8加一9序列升级a最后敌人
741	32635 15114	2	   	247.79	橙2易伤2伤害2时间2攻速	19最后敌人29易伤37时间4a伤害59攻速6核8加一9序列升级
742	32635 15114	3	   	247.79	橙2易伤2伤害2时间2攻速	19最后敌人29易伤37时间4a伤害59攻速6核8加一9序列升级
743	52335 15114	3	   	247.79	橙2易伤2伤害2时间2攻速	19低血量敌人29易伤37时间4a伤害59攻速6核8加一9序列升级
744	12234 32152	10	   	247.79	橙2易伤2伤害2时间2攻速	1a攻速26时间3a矿等47挖尘56易伤6a序列升级8核9a伤害
745	12252 31152	10	   	247.79	橙2易伤2伤害2时间2攻速	1a攻速26时间3a矿等47易伤56挖尘6a序列升级8核9a伤害
746	12434 32152	10	   	247.79	橙2易伤2伤害2时间2攻速	1a攻速26时间3a金币生成47挖尘56易伤6a序列升级8核9a伤害
747	12452 31152	10	   	247.79	橙2易伤2伤害2时间2攻速	1a攻速26时间3a金币生成47易伤56挖尘6a序列升级8核9a伤害
748	32135 16112	1	   	247.79	橙2易伤2伤害2时间2攻速	19最后敌人29时间3a易伤47伤害59攻速6核8加一9序列升级
749	32666 13114	6	   	247.79	橙2易伤2伤害2时间2攻速	19最后敌人29易伤34时间5a伤害6加一7核89攻速9序列升级
750	36135 16112	2	   	247.79	橙2易伤2伤害2时间2攻速	19最后敌人29时间3a易伤47伤害59攻速6核8加一9序列升级
751	52135 16112	1	   	247.79	橙2易伤2伤害2时间2攻速	19低血量敌人29时间3a易伤47伤害59攻速6核8加一9序列升级
752	41651 11312	10	 * 	247.67	橙4易伤2等级1伤害	1挖青2随机矿347a易伤4a序列升级5伤害6核8a敌人爆炸9a等级
753	41651 21112	10	   	247.67	橙4易伤2等级1伤害	1挖青2随机矿347a易伤4a序列升级5伤害6a低血量敌人8核9a等级
754	13114 15116	1	   	247.54	橙2易伤2伤害2时间2攻速1卖塔	19攻速29易伤3低血量敌人47时间59伤害6核8加一9序列升级a卖塔
755	32154 14312	10	   	247.44	橙5易伤2等级	17a最后敌人2457a易伤37低血量敌人6核7a序列升级8敌人爆炸9a等级
756	32545 13112	5	   	247.40	橙3易伤2伤害1暴击1攻速	19最后敌人29a易伤3平台4攻速5随机矿6暴击7核89伤害9序列升级
757	32545 13112	4	   	247.40	橙3易伤2伤害1暴击1攻速	19最后敌人29a易伤3平台4攻速5随机矿6暴击7核89伤害9序列升级
758	32564 13112	4	   	247.40	橙3易伤2伤害1暴击1攻速	19最后敌人29a易伤3平台4随机矿5攻速6暴击7核89伤害9序列升级
759	32154 14212	10	   	247.34	橙5易伤2等级	17a最后敌人2457a易伤37低血量敌人6核7a序列升级8挖尘9a等级
760	32254 14212	10	   	247.34	橙5易伤2等级	17a最后敌人2457a易伤37基地爆炸6核7a序列升级8挖尘9a等级
761	32354 14312	10	   	247.24	橙5易伤2等级	17a最后敌人2457a易伤37挖尘6核7a序列升级8基地爆炸9a等级
762	23644 31133	9	   	247.24	橙5易伤1伤害	1矿等26低血量敌人3最后敌人4伤害5679a易伤6序列升级8核
763	25141 31134	10	   	247.24	橙5易伤1伤害	1矿等2679a易伤3低血量敌人4伤害56敌人爆炸6序列升级8核
764	25141 31136	9	   	247.24	橙5易伤1伤害	1矿等2679a易伤3低血量敌人4伤害56敌人爆炸6序列升级8核
765	26144 31133	9	   	247.24	橙5易伤1伤害	1矿等26最后敌人3低血量敌人4伤害5679a易伤6序列升级8核
766	32154 11312	10	   	247.24	橙5易伤2等级	1a最后敌人2457a易伤3低血量敌人6核8敌人爆炸9a等级a序列升级
767	32154 51112	10	   	247.24	橙5易伤2等级	1a最后敌人2457a易伤3低血量敌人6敌人爆炸8核9a等级a序列升级
768	62252 32114	10	   	247.24	橙5易伤2等级	135基地爆炸2459a易伤5a序列升级6立即金币7a等级8核
769	62252 36113	9	   	247.24	橙5易伤1伤害	135基地爆炸2459a易伤5序列升级6立即金币7伤害8核
770	25341 31116	9	   	247.22	橙3易伤1伤害1等级1时间1全技能	1矿等267易伤3时间4伤害56敌人爆炸6序列升级8核9等级a全技能
771	25323 23153	7	   	247.21	橙3易伤3暴击1伤害1时间	1矿等268易伤3时间4掉矿56a暴击6序列升级7核9伤害
772	25323 23213	7	   	247.21	橙3易伤3暴击1伤害1时间	1矿等269易伤3时间4掉矿56a暴击6序列升级7核8伤害
773	62531 21433	10	   	247.21	橙3易伤2伤害1等级	1基地爆炸259易伤3平台45伤害5序列升级6最后敌人7等级8雷电a核
774	62531 62211	10	   	247.21	橙3易伤2伤害1时间	1基地爆炸256易伤3平台45伤害5序列升级7雷电8核9最后敌人a时间
775	13561 36232	1	   	247.20	橙3易伤2伤害1暴击1攻速	1攻速27a易伤3暴击48伤害5敌人爆炸6核9低血量敌人
776	62531 11132	7	   	247.20	橙3易伤2伤害1暴击1攻速	1基地爆炸25a易伤3平台45伤害5序列升级6掉矿7攻速8核9暴击
777	25343 13181	7	   	247.17	橙3易伤1伤害1时间2雷电1攻速	18矿等278易伤3时间4伤害5加一68雷电8序列升级9攻速a核
778	25144 11132	9	   	247.14	橙5易伤1伤害	1矿等2579a易伤3低血量敌人4伤害6核8随机矿
779	25144 11133	10	   	247.14	橙5易伤1伤害	1矿等2579a易伤3低血量敌人4伤害6核8随机矿
780	32354 11312	10	   	247.14	橙5易伤2等级	1a最后敌人2457a易伤3挖尘6核8基地爆炸9a等级a序列升级
781	32354 14133	10	   	247.14	橙5易伤1伤害	17最后敌人24579易伤37挖尘6核7序列升级8随机矿a伤害
782	32354 21112	10	   	247.14	橙5易伤2等级	1a最后敌人2457a易伤3挖尘6低血量敌人8核9a等级a序列升级
783	32354 51112	10	   	247.14	橙5易伤2等级	1a最后敌人2457a易伤3挖尘6敌人爆炸8核9a等级a序列升级
784	62354 21112	10	   	247.14	橙5易伤2等级	1a基地爆炸2457a易伤3挖尘6低血量敌人8核9a等级a序列升级
785	25661 11132	9	   	247.14	橙5易伤1伤害	1矿等2479a易伤3最后敌人5伤害6核8随机矿
786	25661 11133	10	   	247.14	橙5易伤1伤害	1矿等2479a易伤3最后敌人5伤害6核8随机矿
787	25661 21133	9	   	247.14	橙5易伤1伤害	1矿等2479a易伤3最后敌人5伤害6低血量敌人8核
788	32154 11212	10	   	247.14	橙5易伤2等级	1a最后敌人2457a易伤3低血量敌人6核8挖尘9a等级a序列升级
789	32254 11134	9	   	247.14	橙5易伤1伤害	1最后敌人24579易伤3基地爆炸6核8随机矿a伤害
790	32254 11212	10	   	247.14	橙5易伤2等级	1a最后敌人2457a易伤3基地爆炸6核8挖尘9a等级a序列升级
791	62154 11212	10	   	247.14	橙5易伤2等级	1a基地爆炸2457a易伤3低血量敌人6核8挖尘9a等级a序列升级
792	62252 42113	9	   	247.14	橙5易伤2等级	135基地爆炸24569易伤56序列升级7a等级8核
793	32634 11163	7	   	247.12	橙3易伤1伤害1等级1时间1全技能	1最后敌人257易伤3时间4立即金币6核8全技能9等级a伤害
794	25346 11333	10	   	247.11	橙3易伤2伤害1时间	1矿等279易伤3时间45伤害6核8敌人爆炸a雷电
795	25346 21133	10	   	247.11	橙3易伤2伤害1时间	1矿等279易伤3时间45伤害6低血量敌人8核a雷电
796	25411 11431	10	   	247.11	橙3易伤2伤害1等级	1矿等27a易伤3金币生成4等级59伤害6核8雷电
797	52111 11441	9	   	247.11	橙3易伤2伤害1等级	13低血量敌人279易伤4等级5a伤害6核8雷电
798	62211 11441	9	   	247.11	橙3易伤2伤害1等级	13基地爆炸279易伤4等级5a伤害6核8雷电
799	32221 66111	2	   	247.10	橙4易伤1时间1暴击1全技能	1最后敌人2378易伤4暴击5敌人爆炸6时间9核a全技能
800	32225 33436	2	   	247.10	橙4易伤1等级1暴击1全技能	1最后敌人236a易伤4暴击5等级7核8随机矿9全技能
801	32653 16111	5	   	247.10	橙4易伤1时间1暴击1全技能	1最后敌人2478易伤3时间5暴击6敌人爆炸9核a全技能
802	52221 66111	2	   	247.10	橙4易伤1时间1暴击1全技能	1低血量敌人2378易伤4暴击5敌人爆炸6时间9核a全技能
803	52353 16111	5	   	247.10	橙4易伤1时间1暴击1全技能	1低血量敌人2478易伤3时间5暴击6敌人爆炸9核a全技能
804	32154 36111	5	   	247.10	橙4易伤1时间1暴击1全技能	1最后敌人2458易伤3低血量敌人6暴击7时间9核a全技能
805	52322 15163	5	   	247.09	橙2易伤2时间1伤害1等级1暴击	1低血量敌人28易伤37时间4暴击5等级6伤害9雷电a核
806	14336 12152	8	   	247.08	橙3易伤2攻速1等级2雷电1全技能	18攻速2平台3立即金币478易伤5全技能68雷电8序列升级9等级a核
807	22144 31133	9	   	247.04	橙5易伤1伤害	1矿等26挖尘3低血量敌人4伤害5679a易伤6序列升级8核
808	22144 31134	10	   	247.04	橙5易伤1伤害	1矿等26挖尘3低血量敌人4伤害5679a易伤6序列升级8核
809	22644 31133	9	   	247.04	橙5易伤1伤害	1矿等26挖尘3最后敌人4伤害5679a易伤6序列升级8核
810	25142 31133	9	   	247.04	橙5易伤1伤害	1矿等2679a易伤3低血量敌人4伤害56挖尘6序列升级8核
811	25142 31134	10	   	247.04	橙5易伤1伤害	1矿等2679a易伤3低血量敌人4伤害56挖尘6序列升级8核
812	25144 11233	9	   	247.04	橙5易伤1伤害	1矿等2579a易伤3低血量敌人4伤害6核8挖尘
813	25642 31133	9	   	247.04	橙5易伤1伤害	1矿等2679a易伤3最后敌人4伤害56挖尘6序列升级8核
814	32354 11133	10	   	247.04	橙5易伤1伤害	1最后敌人24579易伤3挖尘6核8随机矿a伤害
815	32354 11134	9	   	247.04	橙5易伤1伤害	1最后敌人24579易伤3挖尘6核8随机矿a伤害
816	32354 11533	10	   	247.04	橙5易伤1伤害	1最后敌人24579易伤3挖尘6核8金币生成a伤害
817	32444 11132	9	   	247.04	橙5易伤1伤害	1最后敌人2579a易伤3掉矿4伤害6核8随机矿
818	32444 11133	10	   	247.04	橙5易伤1伤害	1最后敌人2579a易伤3掉矿4伤害6核8随机矿
819	32461 11132	9	   	247.04	橙5易伤1伤害	1最后敌人2479a易伤3掉矿5伤害6核8随机矿
820	32461 11133	10	   	247.04	橙5易伤1伤害	1最后敌人2479a易伤3掉矿5伤害6核8随机矿
821	62354 11133	10	   	247.04	橙5易伤1伤害	1基地爆炸24579易伤3挖尘6核8随机矿a伤害
822	25661 11233	9	   	247.04	橙5易伤1伤害	1矿等2479a易伤3最后敌人5伤害6核8挖尘
823	22344 31116	9	   	247.02	橙3易伤1伤害1等级1时间1全技能	1矿等26挖尘3时间4伤害567易伤6序列升级8核9等级a全技能
824	25342 31116	9	   	247.02	橙3易伤1伤害1等级1时间1全技能	1矿等267易伤3时间4伤害56挖尘6序列升级8核9等级a全技能
825	22344 31153	10	   	247.01	橙3易伤2伤害1时间	1矿等26挖尘3时间49伤害567易伤6序列升级8核a雷电
826	25342 31153	10	   	247.01	橙3易伤2伤害1时间	1矿等267易伤3时间49伤害56挖尘6序列升级8核a雷电
827	25346 11233	10	   	247.01	橙3易伤2伤害1时间	1矿等279易伤3时间45伤害6核8挖尘a雷电
828	32135 15412	1	   	247.00	橙3易伤2时间1伤害1攻速	19最后敌人27时间39a易伤4伤害5攻速6核89基地爆炸9序列升级
829	13531 12521	1	   	246.97	橙2易伤3时间1伤害1暴击1攻速	1攻速28易伤3暴击4最后敌人589时间6伤害78矿等8序列升级a核
830	15531 12521	2	   	246.97	橙2易伤3时间1伤害1暴击1攻速	1攻速28易伤3暴击4最后敌人589时间6伤害78矿等8序列升级a核
831	32354 11252	9	   	246.94	橙5易伤1伤害	1最后敌人2457a易伤38挖尘6核9伤害
832	32354 11253	10	   	246.94	橙5易伤1伤害	1最后敌人2457a易伤38挖尘6核9伤害
833	15221 12131	6	   	246.94	橙3易伤3攻速1时间2雷电	148攻速28a易伤3矿等5最后敌人6核78雷电8序列升级9时间
834	15222 12161	6	   	246.94	橙3易伤3攻速1时间2雷电	148攻速28a易伤3矿等5低血量敌人6核78雷电8序列升级9时间
835	15224 12161	6	   	246.94	橙3易伤3攻速1时间2雷电	148攻速28a易伤3矿等5基地爆炸6核78雷电8序列升级9时间
836	11264 11431	10	   	246.91	橙4易伤1伤害1攻速	1攻速2随机矿3基地爆炸457a易伤6核8雷电9伤害
837	15251 11431	10	   	246.91	橙4易伤1伤害1攻速	1攻速247a易伤3矿等5最后敌人6核8雷电9伤害
838	14611 12132	5	   	246.90	橙3易伤2时间1伤害1攻速	1攻速2平台35时间45a易伤5序列升级6伤害7矿等8核9敌人爆炸
839	14611 12151	5	   	246.90	橙3易伤2时间1伤害1攻速	1攻速2平台35时间459易伤5序列升级6伤害7矿等8核a低血量敌人
840	14611 12152	5	   	246.90	橙3易伤2时间1伤害1攻速	1攻速2平台35时间459易伤5序列升级6伤害7矿等8核a基地爆炸
841	14611 12153	5	   	246.90	橙3易伤2时间1伤害1攻速	1攻速2平台35时间459易伤5序列升级6伤害7矿等8核a策反
842	14611 22633	9	   	246.90	橙3易伤2时间1伤害1攻速	1攻速2平台35时间45a易伤5序列升级6最后敌人7伤害8策反9核
843	14611 31151	7	   	246.90	橙3易伤2时间1伤害1攻速	1攻速2平台35时间459易伤5序列升级6金币生成7伤害8核a低血量敌人
844	14611 31152	7	   	246.90	橙3易伤2时间1伤害1攻速	1攻速2平台35时间459易伤5序列升级6金币生成7伤害8核a基地爆炸
845	14611 31153	7	   	246.90	橙3易伤2时间1伤害1攻速	1攻速2平台35时间459易伤5序列升级6金币生成7伤害8核a策反
846	42135 11412	1	   	246.90	橙3易伤2时间1伤害1攻速	1挖青29时间39a易伤4伤害5攻速6核79策反8随机矿9序列升级
847	11562 32226	2	   	246.85	橙2易伤2伤害2攻速1时间1暴击	18攻速2随机矿38伤害4最后敌人5赏金塔6时间78易伤8序列升级9核a暴击
848	11563 12226	2	   	246.85	橙2易伤2伤害2攻速1时间1暴击	18攻速2随机矿38伤害4最后敌人5时间6赏金塔78易伤8序列升级9核a暴击
849	12562 32226	1	   	246.85	橙2易伤2伤害2攻速1时间1暴击	18攻速2随机矿38伤害4最后敌人5赏金塔6时间78易伤8序列升级9核a暴击
850	12563 12226	1	   	246.85	橙2易伤2伤害2攻速1时间1暴击	18攻速2随机矿38伤害4最后敌人5时间6赏金塔78易伤8序列升级9核a暴击
851	32635 16113	2	   	246.85	橙2易伤2伤害2攻速1时间1暴击	19最后敌人29易伤3时间47伤害59攻速6核8加一9序列升级a暴击
852	32635 16113	3	   	246.85	橙2易伤2伤害2攻速1时间1暴击	19最后敌人29易伤3时间47伤害59攻速6核8加一9序列升级a暴击
853	52335 16113	3	   	246.85	橙2易伤2伤害2攻速1时间1暴击	19低血量敌人29易伤3时间47伤害59攻速6核8加一9序列升级a暴击
854	11542 22226	2	   	246.85	橙2易伤2伤害2攻速1时间1暴击	18攻速2随机矿38伤害4时间5赏金塔6最后敌人78易伤8序列升级9核a暴击
855	12542 22226	1	   	246.85	橙2易伤2伤害2攻速1时间1暴击	18攻速2随机矿38伤害4时间5赏金塔6最后敌人78易伤8序列升级9核a暴击
856	15234 11431	10	   	246.81	橙4易伤1伤害1攻速	1攻速257a易伤3矿等4挖尘6核8雷电9伤害
857	12154 31154	9	   	246.80	橙3易伤2时间1伤害1攻速	1攻速26时间3低血量敌人4矿等567易伤6序列升级8核9加一a伤害
858	12234 31151	10	   	246.80	橙3易伤2时间1伤害1攻速	1攻速26时间3矿等4挖尘567易伤6序列升级8核9伤害a敌人爆炸
859	12234 31154	10	   	246.80	橙3易伤2时间1伤害1攻速	1攻速26时间3矿等4挖尘567易伤6序列升级8核9伤害a随机矿
860	12234 31154	9	   	246.80	橙3易伤2时间1伤害1攻速	1攻速26时间3矿等4挖尘567易伤6序列升级8核9伤害a金币生成
861	12234 31155	9	   	246.80	橙3易伤2时间1伤害1攻速	1攻速26时间3矿等4挖尘567易伤6序列升级8核9伤害a基地爆炸
862	12234 31155	10	   	246.80	橙3易伤2时间1伤害1攻速	1攻速26时间3矿等4挖尘567易伤6序列升级8核9伤害a低血量敌人
863	12244 31154	9	   	246.80	橙3易伤2时间1伤害1攻速	1攻速26时间3矿等4敌人爆炸567易伤6序列升级8核9加一a伤害
864	12434 31151	10	   	246.80	橙3易伤2时间1伤害1攻速	1攻速26时间3金币生成4挖尘567易伤6序列升级8核9伤害a敌人爆炸
865	14611 11151	7	   	246.80	橙3易伤2时间1伤害1攻速	1攻速2平台35时间459易伤5序列升级6掉矿7伤害8核a低血量敌人
866	14611 11152	7	   	246.80	橙3易伤2时间1伤害1攻速	1攻速2平台35时间459易伤5序列升级6掉矿7伤害8核a基地爆炸
867	14611 11153	7	   	246.80	橙3易伤2时间1伤害1攻速	1攻速2平台35时间459易伤5序列升级6掉矿7伤害8核a策反
868	14611 11236	10	   	246.80	橙3易伤2时间1伤害1攻速	1攻速2平台35时间45a易伤5序列升级6掉矿7伤害8敌人爆炸9核
869	14611 22236	8	   	246.80	橙3易伤2时间1伤害1攻速	1攻速2平台35时间45a易伤5序列升级6最后敌人7伤害8挖尘9核
870	14611 31126	5	   	246.80	橙3易伤2时间2等级1攻速	1攻速2平台35时间456易伤5序列升级7低血量敌人8核9a等级
871	14611 32126	5	   	246.80	橙3易伤2时间2等级1攻速	1攻速2平台35时间456易伤5序列升级7敌人爆炸8核9a等级
872	12266 13216	7	   	246.77	橙2易伤3时间1伤害1暴击1攻速	1攻速24a时间3矿等5暴击69易伤7核8伤害
873	11412 31612	7	   	246.77	橙3易伤3攻速2时间	135攻速2随机矿358序列升级458易伤68矿等78时间9敌人爆炸a核
874	11412 31622	7	   	246.77	橙3易伤3攻速2时间	135攻速2随机矿358序列升级458易伤68矿等78时间9低血量敌人a核
875	11412 31652	7	   	246.77	橙3易伤3攻速2时间	135攻速2随机矿358序列升级458易伤68矿等78时间9最后敌人a核
876	12422 11312	6	   	246.77	橙3易伤3攻速2时间	149攻速25时间3589金币生成59序列升级69a易伤7核
877	11513 12226	2	   	246.75	橙2易伤2伤害2攻速1时间1暴击	18攻速2随机矿38伤害4挖尘5时间6赏金塔78易伤8序列升级9核a暴击
878	12513 12226	1	   	246.75	橙2易伤2伤害2攻速1时间1暴击	18攻速2随机矿38伤害4挖尘5时间6赏金塔78易伤8序列升级9核a暴击
879	12253 41461	9	   	246.70	橙3易伤2时间1伤害1攻速	1攻速28时间3矿等467易伤5加一9伤害a核
880	12253 41461	10	   	246.70	橙3易伤2时间1伤害1攻速	1攻速28时间3矿等467易伤5加一9伤害a核
881	12453 41461	10	   	246.70	橙3易伤2时间1伤害1攻速	1攻速28时间3金币生成467易伤5加一9伤害a核
882	12453 41461	9	   	246.70	橙3易伤2时间1伤害1攻速	1攻速28时间3金币生成467易伤5加一9伤害a核
883	14611 23428	4	   	246.70	橙3易伤2时间1伤害1攻速	1攻速2平台36时间49a易伤5加一7伤害8核
884	12124 31154	9	   	246.70	橙3易伤2时间1伤害1攻速	1攻速26时间3低血量敌人4掉矿567易伤6序列升级8核9加一a伤害
885	12234 31151	9	   	246.70	橙3易伤2时间1伤害1攻速	1攻速26时间3矿等4挖尘567易伤6序列升级8核9伤害a赏金塔
886	12234 31153	10	   	246.70	橙3易伤2时间1伤害1攻速	1攻速26时间3矿等4a挖尘567易伤6序列升级8核9伤害
887	12434 31151	9	   	246.70	橙3易伤2时间1伤害1攻速	1攻速26时间3金币生成4挖尘567易伤6序列升级8核9伤害a赏金塔
888	12434 31153	10	   	246.70	橙3易伤2时间1伤害1攻速	1攻速26时间3金币生成4a挖尘567易伤6序列升级8核9伤害
889	12624 31154	9	   	246.70	橙3易伤2时间1伤害1攻速	1攻速26时间3最后敌人4掉矿567易伤6序列升级8核9加一a伤害
890	11435 14122	10	   	246.67	橙3易伤3攻速2时间	137攻速2随机矿37序列升级47时间57a易伤6核8金币生成9低血量敌人
891	12254 21412	4	   	246.67	橙3易伤3攻速2时间	159攻速28时间39矿等49a易伤6双倍矿7核9序列升级
892	12425 11312	6	   	246.67	橙3易伤3攻速2时间	149攻速27时间389金币生成59a易伤6核9序列升级
893	12463 11312	6	   	246.67	橙3易伤3攻速2时间	159攻速24时间389金币生成69a易伤7核9序列升级
894	12465 31312	6	   	246.67	橙3易伤3攻速2时间	169攻速24时间389金币生成59a易伤7核9序列升级
895	15425 21312	6	   	246.67	橙3易伤3攻速2时间	149攻速25a易伤389金币生成69时间7核9序列升级
896	11411 11562	10	   	246.67	橙3易伤3攻速2时间	13a攻速2随机矿3a序列升级47a易伤5最后敌人6核8金币生成9a时间
897	11411 16211	7	   	246.67	橙3易伤3攻速2时间	139攻速2随机矿39序列升级49a易伤5最后敌人6核7基地爆炸89时间
898	11412 31662	7	   	246.67	橙3易伤3攻速2时间	135攻速2随机矿358序列升级458易伤68矿等78时间9挖尘a核
899	11414 16211	7	   	246.67	橙3易伤3攻速2时间	139攻速2随机矿39序列升级49a易伤5基地爆炸6核7敌人爆炸89时间
900	11435 11161	9	   	246.67	橙3易伤3攻速2时间	139攻速28随机矿39序列升级49时间579易伤6核a双倍矿
901	11435 11162	9	   	246.67	橙3易伤3攻速2时间	139攻速28随机矿39序列升级49时间579易伤6核a基地爆炸
902	11435 11162	10	   	246.67	橙3易伤3攻速2时间	139攻速28随机矿39序列升级49时间579易伤6核a最后敌人
903	11435 11163	9	   	246.67	橙3易伤3攻速2时间	139攻速28随机矿39序列升级49时间579易伤6核a策反
904	12225 11414	7	   	246.67	橙3易伤3攻速2时间	149攻速28时间39矿等579易伤6核9序列升级a敌人爆炸
905	12225 11416	7	   	246.67	橙3易伤3攻速2时间	149攻速28时间39矿等579易伤6核9序列升级a立即金币
906	12253 37343	6	   	246.67	橙3易伤3攻速2时间	168攻速28时间3矿等46a易伤5加一68序列升级78策反9核
907	12453 37343	6	   	246.67	橙3易伤3攻速2时间	168攻速28时间3金币生成46a易伤5加一68序列升级78策反9核
908	15221 11162	10	   	246.67	橙3易伤3攻速2时间	14a攻速27a易伤3矿等5最后敌人6核8随机矿9a时间a序列升级
909	15224 11142	10	   	246.67	橙3易伤3攻速2时间	14a攻速27a易伤3矿等5基地爆炸6核8随机矿9a时间a序列升级
910	15421 11162	10	   	246.67	橙3易伤3攻速2时间	14a攻速27a易伤3金币生成5最后敌人6核8随机矿9a时间a序列升级
911	11431 13344	7	   	246.67	橙3易伤3攻速2时间	139攻速2随机矿39序列升级49时间5最后敌人6核7策反89a易伤
912	12225 21412	5	   	246.67	橙3易伤3攻速2时间	149攻速28时间39矿等59a易伤6双倍矿7核9序列升级
913	12425 21412	5	   	246.67	橙3易伤3攻速2时间	149攻速28时间39金币生成59a易伤6双倍矿7核9序列升级
914	12426 21412	4	   	246.67	橙3易伤3攻速2时间	149攻速28时间39金币生成59a易伤6双倍矿7核9序列升级
915	13513 12626	2	   	246.65	橙2易伤2伤害2攻速1时间1暴击	18攻速2掉矿38伤害4挖尘5时间6赏金塔78易伤8序列升级9核a暴击
916	11435 14331	8	   	246.63	橙2易伤3时间3攻速1暴击	137攻速2随机矿37序列升级478时间57易伤6核9暴击a最后敌人
917	62531 62211	8	   	246.61	橙3易伤3伤害	1基地爆炸256易伤3平台459伤害5序列升级7雷电8核a立即金币
918	12253 31161	7	   	246.61	橙3易伤2时间2攻速1全技能	16攻速29时间3矿等467易伤5加一6序列升级8全技能a核
919	12253 34161	6	   	246.61	橙3易伤2时间2攻速1全技能	16攻速29时间3矿等467易伤5加一6序列升级8全技能a核
920	12453 31161	7	   	246.61	橙3易伤2时间2攻速1全技能	16攻速29时间3金币生成467易伤5加一6序列升级8全技能a核
921	12453 34161	6	   	246.61	橙3易伤2时间2攻速1全技能	16攻速29时间3金币生成467易伤5加一6序列升级8全技能a核
922	12254 11162	7	   	246.61	橙3易伤2时间2攻速1全技能	19攻速2a时间3矿等457易伤6核8全技能
923	15123 16331	5	   	246.61	橙3易伤2时间2攻速1全技能	18攻速289易伤3低血量敌人4掉矿5加一6核78时间8序列升级a全技能
924	62354 12323	6	   	246.58	橙4易伤2时间	1基地爆炸2458易伤3挖尘6核7雷电9a时间
925	11433 13344	7	   	246.57	橙3易伤3攻速2时间	139攻速2随机矿39序列升级49时间5挖尘6核7策反89a易伤
926	11435 14141	7	   	246.57	橙3易伤3攻速2时间	137攻速2随机矿37序列升级47时间57a易伤6核8加一9低血量敌人
927	12254 31413	6	   	246.57	橙3易伤3攻速2时间	169攻速28时间39矿等459易伤7核9序列升级a加一
928	11411 11262	10	   	246.57	橙3易伤3攻速2时间	13a攻速2随机矿3a序列升级47a易伤5最后敌人6核8掉矿9a时间
929	11411 14211	6	   	246.57	橙3易伤3攻速2时间	139攻速2随机矿39序列升级49a易伤5最后敌人6核7挖尘89时间
930	11414 11242	10	   	246.57	橙3易伤3攻速2时间	13a攻速2随机矿3a序列升级47a易伤5基地爆炸6核8掉矿9a时间
931	11414 14211	6	   	246.57	橙3易伤3攻速2时间	139攻速2随机矿39序列升级49a易伤5基地爆炸6核7挖尘89时间
932	11453 11211	8	   	246.57	橙3易伤3攻速2时间	139攻速2随机矿39序列升级4最后敌人59时间6核79a易伤8加一
933	12225 11413	7	   	246.57	橙3易伤3攻速2时间	149攻速28时间39矿等579易伤6核9序列升级a加一
934	12225 61413	5	   	246.57	橙3易伤3攻速2时间	149攻速28时间39矿等569易伤7核9序列升级a加一
935	12425 11413	7	   	246.57	橙3易伤3攻速2时间	149攻速28时间39金币生成579易伤6核9序列升级a加一
936	11263 16411	5	   	246.57	橙3易伤3攻速2时间	189攻速2随机矿3基地爆炸49a易伤5加一6核79时间9序列升级
937	11325 15211	8	   	246.57	橙3易伤3攻速2时间	149攻速2随机矿3敌人爆炸59a易伤6核79时间8加一9序列升级
938	62531 62212	8	   	246.51	橙3易伤3伤害	1基地爆炸256易伤3平台459伤害5序列升级7雷电8核a挖尘
939	15123 16341	5	   	246.47	橙3易伤2时间3攻速	189攻速28a易伤3低血量敌人4掉矿5加一6核78时间8序列升级
940	14611 61131	7	   	246.45	橙2易伤2时间2攻速1伤害1等级	19攻速2平台35时间45易伤5序列升级6等级7伤害8核a低血量敌人
941	14611 61132	7	   	246.45	橙2易伤2时间2攻速1伤害1等级	19攻速2平台35时间45易伤5序列升级6等级7伤害8核a基地爆炸
942	14611 61133	7	   	246.45	橙2易伤2时间2攻速1伤害1等级	19攻速2平台35时间45易伤5序列升级6等级7伤害8核a策反
943	32461 11431	9	   	246.41	橙3易伤3伤害	1最后敌人247易伤3掉矿59a伤害6核8雷电
944	11141 61331	6	   	246.37	橙3易伤1等级1时间1攻速1全技能	1攻速2随机矿3全技能4等级5雷电6核79a易伤8时间
945	11141 61331	7	   	246.37	橙3易伤1等级1时间1攻速1全技能	1攻速2随机矿3全技能4等级5雷电6核79a易伤8时间
946	13141 61331	7	   	246.27	橙3易伤1等级1时间1攻速1全技能	1攻速2掉矿3全技能4等级5雷电6核79a易伤8时间
947	13141 61331	6	   	246.27	橙3易伤1等级1时间1攻速1全技能	1攻速2掉矿3全技能4等级5雷电6核79a易伤8时间
948	41166 13112	2	   	246.24	橙3易伤2攻速1伤害2暴击	1挖青2随机矿39a易伤4伤害5平台69暴击7核89攻速9序列升级
949	25341 31163	8	   	245.96	橙3易伤1伤害1时间1暴击1攻速	1矿等267易伤3时间4伤害56敌人爆炸6序列升级8核9攻速a暴击
950	42135 11142	1	   	245.88	橙2易伤2伤害2时间1攻速	1挖青29时间39易伤48伤害5攻速6核79策反9序列升级a雷电
951	32524 13111	5	   	245.87	橙3易伤2攻速1时间1暴击1全技能	19最后敌人259易伤3平台4时间6暴击7核89攻速9序列升级a全技能
952	25341 31112	9	   	245.87	橙3易伤1伤害1等级1时间	1矿等267易伤3时间4伤害56敌人爆炸6序列升级8核9等级a雷电
953	25341 31116	10	   	245.87	橙3易伤1伤害1等级1时间	1矿等267易伤3时间4伤害56敌人爆炸6序列升级8核9等级a雷电
954	26344 31112	9	   	245.87	橙3易伤1伤害1时间1等级	1矿等26最后敌人3时间4伤害567易伤6序列升级8核9等级a雷电
955	13562 35132	1	   	245.86	橙3易伤1伤害1时间1暴击1攻速	1攻速28a易伤3暴击4伤害5立即金币6核7时间9低血量敌人
956	13565 21132	1	   	245.86	橙3易伤1伤害1等级1暴击1攻速	1攻速28a易伤3暴击4伤害5等级6策反7核9低血量敌人
957	15256 33212	7	   	245.86	橙3易伤1伤害1时间1暴击1攻速	1攻速249易伤3矿等5暴击6时间7核8伤害a敌人爆炸
958	52322 32114	5	   	245.83	橙3易伤2时间1等级1暴击	1a低血量敌人268易伤3a时间4暴击5等级7a金币生成9核a序列升级
959	62622 33114	5	   	245.83	橙3易伤2时间1等级1暴击	1a基地爆炸268易伤3a时间4暴击5等级7a金币生成9核a序列升级
960	25344 11312	9	   	245.77	橙3易伤1伤害1等级1时间	1矿等257易伤3时间4伤害6核8敌人爆炸9等级a雷电
961	25344 21112	9	   	245.77	橙3易伤1伤害1时间1等级	1矿等257易伤3时间4伤害6低血量敌人8核9等级a雷电
962	32656 31112	9	   	245.77	橙3易伤1伤害1等级1时间	1最后敌人247易伤3时间5伤害6金币生成8核9等级a雷电
963	52356 31112	9	   	245.77	橙3易伤1伤害1等级1时间	1低血量敌人247易伤3时间5伤害6金币生成8核9等级a雷电
